Size:     Iter:       Time:                      x:           x` - x:
    1         1    0,002000              1,00000000000000         0,000e+00
                                                                           
    2         1    0,000981              0,99999999999976         2,405e-13
                                         2,00000000000048        -4,805e-13
                                                                           
    3         1    0,001020              0,99999999999775         2,252e-12
                                         2,00000000001273        -1,273e-11
                                         2,99999999998769         1,231e-11
                                                                           
    4         1    0,001983              0,99999999998879         1,121e-11
                                         2,00000000012389        -1,239e-10
                                         2,99999999970434         2,957e-10
                                         4,00000000019132        -1,913e-10
                                                                           
    5         1    0,000998              0,99999999994450         5,550e-11
                                         2,00000000106955        -1,070e-09
                                         2,99999999531447         4,686e-09
                                         4,00000000714535        -7,145e-09
                                         4,99999999648123         3,519e-09
                                                                           
    6         1    0,001002              1,00000000018704        -1,870e-10
                                         1,99999999443973         5,560e-09
                                         3,00000003839007        -3,839e-08
                                         3,99999989890820         1,011e-07
                                         5,00000011251528        -1,125e-07
                                         5,99999995539778         4,460e-08
                                                                           
    7         1    0,002017              1,00000000273940        -2,739e-09
                                         1,99999989261700         1,074e-07
                                         3,00000102090089        -1,021e-06
                                         3,99999607089164         3,929e-06
                                         5,00000714652906        -7,147e-06
                                         5,99999386371540         6,136e-06
                                         7,00000200436034        -2,004e-06
                                                                           
    8         1    0,000987              0,99999998572334         1,428e-08
                                         2,00000075875848        -7,588e-07
                                         2,99999015277407         9,847e-06
                                         4,00005304704452        -5,305e-05
                                         4,99985768871263         1,423e-04
                                         6,00020079912220        -2,008e-04
                                         6,99985742835987         1,426e-04
                                         8,00004014927368        -4,015e-05
                                                                           
    9         1    0,001994              1,00000001116237        -1,116e-08
                                         1,99999913631753         8,637e-07
                                         3,00001578991089        -1,579e-05
                                         3,99988077452256         1,192e-04
                                         5,00045651010178        -4,565e-04
                                         5,99903554725222         9,645e-04
                                         7,00113886412473        -1,139e-03
                                         7,99929599437681         7,040e-04
                                         9,00017738709140        -1,774e-04
                                                                           
   10         1    0,001059              0,99999942848244         5,715e-07
                                         2,00004969789522        -4,970e-05
                                         2,99893627138864         1,064e-03
                                         4,00970740854758        -9,707e-03
                                         4,95355575880563         4,644e-02
                                         6,12799323365771        -1,280e-01
                                         6,78956909212547         2,104e-01
                                         8,20370900382895        -2,037e-01
                                         8,89289727841239         1,071e-01
                                        10,02358324453911        -2,358e-02
                                                                           
   11         1    0,001014              1,00000355569304        -3,556e-06
                                         1,99962272783171         3,773e-04
                                         3,00989712996514        -9,897e-03
                                         3,88830101763194         1,117e-01
                                         5,67079117896347        -6,708e-01
                                         3,62527160705834         2,375e+00
                                        12,20165164667601        -5,202e+00
                                         0,87133751154714         7,129e+00
                                        14,94893222724397        -5,949e+00
                                         7,23622533809177         2,764e+00
                                        11,54796860283448        -5,480e-01
                                                                           
   12         1    0,002000              1,00000146935058        -1,469e-06
                                         1,99972549127339         2,745e-04
                                         3,01085783535226        -1,086e-02
                                         3,82721921330442         1,728e-01
                                         6,41861283385146        -1,419e+00
                                        -0,79872480391529         6,799e+00
                                        27,29496564177405        -2,029e+01
                                       -30,85846131666882         3,886e+01
                                        56,73389693571224        -4,773e+01
                                       -26,36637485049682         3,637e+01
                                        26,64001088787989        -1,564e+01
                                         9,09826539561779         2,902e+00
                                                                           
   13         3    0,002000              1,00000007006308        -7,006e-08
                                         1,99996877258444         3,123e-05
                                         3,00165127838900        -1,651e-03
                                         3,96806380837476         3,194e-02
                                         5,31099942964793        -3,110e-01
                                         4,23345239959496         1,767e+00
                                        13,32691568319124        -6,327e+00
                                        -6,87970801572846         1,488e+01
                                        32,32179026780838        -2,332e+01
                                       -14,13998838855447         2,414e+01
                                        26,85035063487697        -1,585e+01
                                         6,01820855544457         5,982e+00
                                        13,98829570577703        -9,883e-01
                                                                           
   14         3    0,002001              1,00000504776884        -5,048e-06
                                         1,99947898022634         5,210e-04
                                         3,01254092165633        -1,254e-02
                                         3,88277184524193         1,172e-01
                                         5,46434737581662        -4,643e-01
                                         5,60712594656473         3,929e-01
                                         4,44242132524743         2,558e+00
                                        14,34213858974884        -6,342e+00
                                        15,53612483332403        -6,536e+00
                                       -40,17000759009962         5,017e+01
                                       104,46290203116232        -9,346e+01
                                       -75,28524436807390         8,729e+01
                                        55,03704655254194        -4,204e+01
                                         5,66833950461061         8,332e+00
                                                                           
   15        18    0,002000              0,99982088120282         1,791e-04
                                         2,02436516806084        -2,437e-02
                                         2,19028686097678         8,097e-01
                                        15,49100318990020        -1,149e+01
                                       -81,29903784759070         8,630e+01
                                       386,30798530314786        -3,803e+02
                                     -1027,89485709577843         1,035e+03
                                      1797,53090428518772        -1,790e+03
                                     -2100,68293395217916         2,110e+03
                                      2294,12790132136570        -2,284e+03
                                     -3208,26185309104585         3,219e+03
                                      4256,14757910163280        -4,244e+03
                                     -3591,80218196620262         3,605e+03
                                      1681,35041898369400        -1,667e+03
                                      -306,22952696858044         3,212e+02
                                                                           
   16        24    0,001999              1,00006122348202        -6,122e-05
                                         1,99108158429835         8,918e-03
                                         3,32324817533023        -3,232e-01
                                        -1,10255757750939         5,103e+00
                                        48,61651644266666        -4,362e+01
                                      -218,85149259706409         2,249e+02
                                       744,48551905152351        -7,375e+02
                                     -1552,95671824901501         1,561e+03
                                      2064,96863002424425        -2,056e+03
                                     -1393,12316695519712         1,403e+03
                                       -89,34067448242536         1,003e+02
                                      1072,33294846668809        -1,060e+03
                                      -837,71105033599383         8,507e+02
                                       268,13576692913313        -2,541e+02
                                        22,36101241482195        -7,361e+00
                                         1,87087970610657         1,413e+01
                                                                           
   17       998    0,004983              0,99937422554267         6,258e-04
                                         2,12486383351169        -1,249e-01
                                        -2,28663947550140         5,287e+00
                                        94,52252066376127        -9,052e+01
                                      -797,68716740382740         8,027e+02
                                      4168,57193438650211        -4,163e+03
                                    -13467,62853335946602         1,347e+04
                                     28295,34129616633436        -2,829e+04
                                    -40117,54919629765209         4,013e+04
                                     42742,49381082517357        -4,273e+04
                                    -41417,26461134941201         4,143e+04
                                     34818,67274714189989        -3,481e+04
                                     -9549,96216811223348         9,563e+03
                                    -23247,69885841814539         2,326e+04
                                     32153,88102485935087        -3,214e+04
                                    -16904,11591597692677         1,692e+04
                                      3380,58529636784806        -3,364e+03
                                                                           
   18     15894    0,052003              0,96500886714378         3,499e-02
                                         6,58226316707667        -4,582e+00
                                      -144,71574928030395         1,477e+02
                                      2061,23143829642731        -2,057e+03
                                    -15444,35601678751482         1,545e+04
                                     70261,75999880941526        -7,026e+04
                                   -207974,55668800370768         2,080e+05
                                    424536,04254091734765        -4,245e+05
                                   -638489,37061795941554         6,385e+05
                                    780296,75337577227037        -7,803e+05
                                   -867387,41355991980527         8,674e+05
                                    890871,93244555348065        -8,909e+05
                                   -687364,32685486110859         6,874e+05
                                    134297,33474812656641        -1,343e+05
                                    470962,32430687063606        -4,709e+05
                                   -623465,72142515494488         6,235e+05
                                    338350,05883395788260        -3,383e+05
                                    -71203,56173613587453         7,122e+04
                                                                           
   19    100000    0,384830              1,03077984672277        -3,078e-02
                                        -0,52188560380939         2,522e+00
                                        39,53766672764943        -3,654e+01
                                       108,36325191293018        -1,044e+02
                                     -5423,79758554918590         5,429e+03
                                     45587,09443610476592        -4,558e+04
                                   -190876,48650559206726         1,909e+05
                                    470264,04939482000191        -4,703e+05
                                   -739314,99079321860336         7,393e+05
                                    834714,36719523090869        -8,347e+05
                                   -802581,93136381357908         8,026e+05
                                    567274,66969582438469        -5,673e+05
                                     62042,66168929171545        -6,203e+04
                                   -597067,44620519247837         5,971e+05
                                    443212,39752187655540        -4,432e+05
                                    -78016,31018194359785         7,803e+04
                                     53967,68861321420263        -5,395e+04
                                   -103426,28622196611832         1,034e+05
                                     39685,97008207826002        -3,967e+04
                                                                           
   20    100000    0,546033              0,95698072917488         4,302e-02
                                         6,79591585346397        -4,796e+00
                                      -126,24202605798048         1,292e+02
                                      1413,84899554171511        -1,410e+03
                                     -6983,39129307348867         6,988e+03
                                     10562,65758619386179        -1,056e+04
                                     50352,59302451740223        -5,035e+04
                                   -304342,41118015506072         3,044e+05
                                    751848,18573653977364        -7,518e+05
                                  -1080799,99429338006303         1,081e+06
                                   1001217,30744756665081        -1,001e+06
                                   -610837,24502297362778         6,108e+05
                                    100047,66666788951261        -1,000e+05
                                    310230,35648678778671        -3,102e+05
                                   -236564,72949163688463         2,366e+05
                                   -133741,27010340389097         1,338e+05
                                    133955,90821414414677        -1,339e+05
                                    139219,76195241266396        -1,392e+05
                                   -175709,54978292799206         1,757e+05
                                     50458,79236924502766        -5,044e+04
                                                                           
