Size:     Iter:       Time:                      x:           x` - x:
    1         1    0,017014        1,00000000000000         0,000e+00
                                                                     
    2         2    0,036089        0,99999999999976         2,394e-13
                                   2,00000000000048        -4,787e-13
                                                                     
    3         4    0,036916        0,99999999999777         2,234e-12
                                   2,00000000001269        -1,269e-11
                                   2,99999999998771         1,229e-11
                                                                     
    4         6    0,041396        0,99999999998872         1,128e-11
                                   2,00000000012465        -1,247e-10
                                   2,99999999970256         2,974e-10
                                   4,00000000019245        -1,925e-10
                                                                     
    5         8    0,038002        0,99999999994429         5,571e-11
                                   2,00000000107320        -1,073e-09
                                   2,99999999529946         4,701e-09
                                   4,00000000716724        -7,167e-09
                                   4,99999999647080         3,529e-09
                                                                     
    6        10    0,037840        1,00000000018464        -1,846e-10
                                   1,99999999448972         5,510e-09
                                   3,00000003809352        -3,809e-08
                                   3,99999989964821         1,004e-07
                                   5,00000011169817        -1,117e-07
                                   5,99999995572578         4,427e-08
                                                                     
    7        13    0,040016        1,00000000270743        -2,707e-09
                                   1,99999989377143         1,062e-07
                                   3,00000101019478        -1,010e-06
                                   3,99999611206771         3,888e-06
                                   5,00000707091365        -7,071e-06
                                   5,99999392953708         6,070e-06
                                   7,00000198253604        -1,983e-06
                                                                     
    8        19    0,151101        0,99999998550700         1,449e-08
                                   2,00000077070744        -7,707e-07
                                   2,99998999456379         1,001e-05
                                   4,00005390888861        -5,391e-05
                                   4,99985536166026         1,446e-04
                                   6,00020409490934        -2,041e-04
                                   6,99985508326755         1,449e-04
                                   8,00004081042092        -4,081e-05
                                                                     
    9        18    0,045021        0,99999999140010         8,600e-09
                                   2,00000050650675        -5,065e-07
                                   2,99999250464333         7,495e-06
                                   4,00004756730447        -4,757e-05
                                   4,99984297669041         1,570e-04
                                   6,00029130809913        -2,913e-04
                                   6,99969369573822         3,063e-04
                                   8,00017045896411        -1,705e-04
                                   8,99996099099297         3,901e-05
                                                                     
   10        17    0,042004        0,99999997107144         2,893e-08
                                   2,00000184359383        -1,844e-06
                                   2,99997163603499         2,836e-05
                                   4,00017813022587        -1,781e-04
                                   4,99946324839929         5,368e-04
                                   6,00075484535293        -7,548e-04
                                   6,99976709808252         2,329e-04
                                   7,99938825714706         6,117e-04
                                   9,00070352488819        -7,035e-04
                                   9,99977142118595         2,286e-04
                                                                     
   11        23    0,066237        0,99999993280313         6,720e-08
                                   2,00000393845153        -3,938e-06
                                   2,99994511233963         5,489e-05
                                   4,00030197602801        -3,020e-04
                                   4,99926464774350         7,354e-04
                                   6,00061203824169        -6,120e-04
                                   7,00047386971424        -4,739e-04
                                   7,99912078042355         8,792e-04
                                   8,99969961893231         3,004e-04
                                  10,00098985424457        -9,899e-04
                                  10,99958817047198         4,118e-04
                                                                     
   12        23    0,051457        1,00000001452918        -1,453e-08
                                   1,99999911270061         8,873e-07
                                   3,00001334215100        -1,334e-05
                                   3,99991701753055         8,298e-05
                                   5,00024927142324        -2,493e-04
                                   5,99965182632743         3,482e-04
                                   7,00010466153411        -1,047e-04
                                   8,00022672862919        -2,267e-04
                                   8,99992655389686         7,345e-05
                                   9,99968406530068         3,159e-04
                                  11,00031847863338        -3,185e-04
                                  11,99990893000398         9,107e-05
                                                                     
   13        22    0,077020        1,00000002096699        -2,097e-08
                                   1,99999859307374         1,407e-06
                                   3,00002274032780        -2,274e-05
                                   3,99985123809644         1,488e-04
                                   5,00045584458258        -4,558e-04
                                   5,99939401042946         6,060e-04
                                   7,00006396403762        -6,396e-05
                                   8,00049680817969        -4,968e-04
                                   9,00001588423478        -1,588e-05
                                   9,99949959966085         5,004e-04
                                  10,99982691461134         1,731e-04
                                  12,00063894670690        -6,389e-04
                                  12,99973542479651         2,646e-04
                                                                     
   14        22    0,048451        1,00000004226033        -4,226e-08
                                   1,99999720103616         2,799e-06
                                   3,00004428627585        -4,429e-05
                                   3,99972149543533         2,785e-04
                                   5,00079080891793        -7,908e-04
                                   5,99913163964603         8,684e-04
                                   6,99977891364003         2,211e-04
                                   8,00078907292461        -7,891e-04
                                   9,00042149063445        -4,215e-04
                                   9,99946804199041         5,320e-04
                                  10,99924435456382         7,556e-04
                                  12,00009134345218        -9,134e-05
                                  13,00108276364905        -1,083e-03
                                  13,99943850123169         5,615e-04
                                                                     
   15        22    0,048002        1,00000009162566        -9,163e-08
                                   1,99999418160746         5,818e-06
                                   3,00008707740948        -8,708e-05
                                   3,99949078828104         5,092e-04
                                   5,00129894525380        -1,299e-03
                                   5,99887828966094         1,122e-03
                                   6,99931003481375         6,900e-04
                                   8,00088652823784        -8,865e-04
                                   9,00101580313112        -1,016e-03
                                   9,99985182458360         1,482e-04
                                  10,99888306444265         1,117e-03
                                  11,99917098240256         8,290e-04
                                  13,00057745084304        -5,775e-04
                                  14,00150648440919        -1,506e-03
                                  14,99904836089811         9,516e-04
                                                                     
   16        31    0,060013        0,99999997600389         2,400e-08
                                   2,00000139526259        -1,395e-06
                                   2,99998008099090         1,992e-05
                                   4,00011389020553        -1,139e-04
                                   4,99971511260907         2,849e-04
                                   6,00020151910293        -2,015e-04
                                   7,00038068624746        -3,807e-04
                                   7,99935250309952         6,475e-04
                                   9,00007334829436        -7,335e-05
                                  10,00004232748041        -4,233e-05
                                  11,00043607911647        -4,361e-04
                                  12,00002518814261        -2,519e-05
                                  12,99936231693687         6,377e-04
                                  14,00017087234564        -1,709e-04
                                  15,00026778837823        -2,678e-04
                                  15,99987691996601         1,231e-04
                                                                     
   17        31    0,049018        0,99999991081695         8,918e-08
                                   2,00000543855879        -5,439e-06
                                   2,99991961963073         8,038e-05
                                   4,00047964150502        -4,796e-04
                                   4,99867684875256         1,323e-03
                                   6,00152327658782        -1,523e-03
                                   6,99996128950367         3,871e-05
                                   7,99915508496797         8,449e-04
                                   8,99954105020533         4,589e-04
                                  10,00055230612808        -5,523e-04
                                  11,00062877901109        -6,288e-04
                                  12,00008717862600        -8,718e-05
                                  12,99955481334306         4,452e-04
                                  13,99952985829582         4,701e-04
                                  15,00013599894414        -1,360e-04
                                  16,00043582468818        -4,358e-04
                                  16,99981311025301         1,869e-04
                                                                     
   18        31    0,047877        0,99999996599865         3,400e-08
                                   2,00000193323285        -1,933e-06
                                   2,99997335561907         2,664e-05
                                   4,00014383834538        -1,438e-04
                                   4,99968476431455         3,152e-04
                                   6,00007462697373        -7,463e-05
                                   7,00067216469564        -6,722e-04
                                   7,99944966825993         5,503e-04
                                   8,99952485548007         4,751e-04
                                  10,00001052245731        -1,052e-05
                                  11,00072589661335        -7,259e-04
                                  12,00043468934935        -4,347e-04
                                  12,99953399050978         4,660e-04
                                  13,99957183539491         4,282e-04
                                  14,99966370261981         3,363e-04
                                  16,00016035268273        -1,604e-04
                                  17,00090379772802        -9,038e-04
                                  17,99947001993650         5,300e-04
                                                                     
   19        31    0,050623        0,99999998700329         1,300e-08
                                   2,00000119108027        -1,191e-06
                                   2,99997734123715         2,266e-05
                                   4,00016051672080        -1,605e-04
                                   4,99951062843616         4,894e-04
                                   6,00054425884863        -5,443e-04
                                   7,00013147059019        -1,315e-04
                                   7,99980808063016         1,919e-04
                                   8,99922324852295         7,768e-04
                                  10,00011686178459        -1,169e-04
                                  11,00072888665094        -7,289e-04
                                  12,00054191883086        -5,419e-04
                                  12,99988538198303         1,146e-04
                                  13,99940690482717         5,931e-04
                                  14,99932511824680         6,749e-04
                                  15,99982825193236         1,717e-04
                                  17,00066958606169        -6,696e-04
                                  18,00087066483255        -8,707e-04
                                  18,99926965377262         7,303e-04
                                                                     
   20        31    0,051110        0,99999991512490         8,488e-08
                                   2,00000558993451        -5,590e-06
                                   2,99991339343523         8,661e-05
                                   4,00052105199384        -5,211e-04
                                   4,99865799954558         1,342e-03
                                   6,00104269961685        -1,043e-03
                                   7,00116816249671        -1,168e-03
                                   7,99864033168087         1,360e-03
                                   8,99892810225595         1,072e-03
                                  10,00018407264383        -1,841e-04
                                  11,00087868847505        -8,787e-04
                                  12,00101303413420        -1,013e-03
                                  13,00029335547161        -2,934e-04
                                  13,99946863662119         5,314e-04
                                  14,99888291947584         1,117e-03
                                  15,99916784520110         8,322e-04
                                  17,00009804536167        -9,805e-05
                                  18,00114031287916        -1,140e-03
                                  19,00111952352248        -1,120e-03
                                  19,99887626046602         1,124e-03
                                                                     
   21       743    0,051110        1,00004516284751        -4,516e-05
                                   1,99409856434353         5,901e-03
                                   3,19059221977302        -1,906e-01
                                   1,36573364444133         2,634e+00
                                  24,14372743355430        -1,914e+01
                                 -74,14062333874669         8,014e+01
                                 205,43262330857789        -1,984e+02
                                -270,54667466101779         2,785e+02
                                 185,60998482064645        -1,766e+02
                                  43,55887200373871        -3,356e+01
                                -123,83580759927361         1,348e+02
                                 149,11149361382300        -1,371e+02
                                 -66,59313291168311         7,959e+01
                                 -82,02506027984519         9,603e+01
                                 148,93740816431603        -1,339e+02
                                  78,20965871886897        -6,221e+01
                                 -66,63007816506563         8,363e+01
                                 -34,35789279838019         5,236e+01
                                  38,02802518760525        -1,903e+01
                                  74,00231978725326        -5,400e+01
                                  -5,45534288535198         2,646e+01
                                                                     
   22     83834    0,369674        0,99999377178637         6,228e-06
                                   2,00082548740889        -8,255e-04
                                   2,97407353156559         2,593e-02
                                   4,33061770400245        -3,306e-01
                                   2,97560595042504         2,024e+00
                                  11,65227982308780        -5,652e+00
                                   6,31619791893035         6,838e-01
                                 -33,99292506613980         4,199e+01
                                 136,94972286405184        -1,279e+02
                                -175,26513958555825         1,853e+02
                                 158,41964030560786        -1,474e+02
                                 -56,98764323423541         6,899e+01
                                  35,98071160197397        -2,298e+01
                                  10,18843718471666         3,812e+00
                                  18,25053291656394        -3,251e+00
                                  16,67510120352242        -6,751e-01
                                  -6,55634951577289         2,356e+01
                                  38,53520244152578        -2,054e+01
                                   7,82514898455784         1,117e+01
                                  54,69039374775481        -3,469e+01
                                 -17,59888904816798         3,860e+01
                                  34,63647143474441        -1,264e+01
                                                                     
   23       346    0,171490        0,99999410961985         5,890e-06
                                   2,00082099455068        -8,210e-04
                                   2,97165960394040         2,834e-02
                                   4,41823217367176        -4,182e-01
                                   1,77105362875210         3,229e+00
                                  20,16377062841668        -1,416e+01
                                 -28,33648871726437         3,534e+01
                                  51,31296586625021        -4,331e+01
                                   6,92273886788938         2,077e+00
                                 -43,17860675319073         5,318e+01
                                  40,53167000845102        -2,953e+01
                                  46,14702328009406        -3,415e+01
                                   8,01848626985687         4,982e+00
                                 -43,50310267687228         5,750e+01
                                  41,15223261751402        -2,615e+01
                                  32,63132491527435        -1,663e+01
                                  15,94597641521234         1,054e+00
                                  15,59478310388735         2,405e+00
                                  11,47346220182102         7,527e+00
                                  21,21361022343723        -1,214e+00
                                  18,89381035978563         2,106e+00
                                  28,76957640323673        -6,770e+00
                                  20,08500713692800         2,915e+00
                                                                     
   24       295    0,085287        1,00002415507615        -2,416e-05
                                   1,99705338497968         2,947e-03
                                   3,08858229827171        -8,858e-02
                                   2,86883259010227         1,131e+00
                                  12,48787384759675        -7,488e+00
                                 -21,82624187488339         2,783e+01
                                  65,22037206534651        -5,822e+01
                                 -54,04836341955993         6,205e+01
                                  31,35739270469395        -2,236e+01
                                   5,89329976237801         4,107e+00
                                  38,45775021521335        -2,746e+01
                                  12,77626544761977        -7,763e-01
                                 -29,65214766808467         4,265e+01
                                   0,77167474028800         1,323e+01
                                  66,02129912475014        -5,102e+01
                                  12,92624187680222         3,074e+00
                                  12,10505398711199         4,895e+00
                                   8,89839148994059         9,102e+00
                                  13,39862655337191         5,601e+00
                                  21,23064741661111        -1,231e+00
                                  21,36696177614336        -3,670e-01
                                  34,20691761947529        -1,221e+01
                                  14,62679270968184         8,373e+00
                                  24,82668572110279        -8,267e-01
                                                                     
   25       310    0,126440        0,99999938350967         6,165e-07
                                   2,00003438613317        -3,439e-05
                                   2,99974011105791         2,599e-04
                                   3,99692763773688         3,072e-03
                                   5,05261855493796        -5,262e-02
                                   5,65339947213985         3,466e-01
                                   8,45803026715464        -1,458e+00
                                   3,67353190015562         4,326e+00
                                  17,37287781149276        -8,373e+00
                                   1,60904399719031         8,391e+00
                                  11,61816542371678        -6,182e-01
                                  17,22935619284162        -5,229e+00
                                  12,20092150538550         7,991e-01
                                  12,57922591536052         1,421e+00
                                  12,90660247415404         2,093e+00
                                  14,07234893614805         1,928e+00
                                  22,25628120154967        -5,256e+00
                                  17,54327569519659         4,567e-01
                                  18,93163172925212         6,837e-02
                                  19,24100078565412         7,590e-01
                                  19,99288454822263         1,007e+00
                                  21,25714011396977         7,429e-01
                                  24,21856015313086        -1,219e+00
                                  24,84276591264842        -8,428e-01
                                  24,29363494453244         7,064e-01
                                                                     
   26     16337    0,133820        0,99998125009956         1,875e-05
                                   2,00219260011845        -2,193e-03
                                   2,93596248035125         6,404e-02
                                   4,80852843731604        -8,085e-01
                                  -0,40378912787430         5,404e+00
                                  26,67817312732620        -2,068e+01
                                 -37,36662685923705         4,437e+01
                                  47,84906089478386        -3,985e+01
                                  40,73083199773161        -3,173e+01
                                 -82,77861200702257         9,278e+01
                                  -2,05682504650007         1,306e+01
                                 211,09211314024000        -1,991e+02
                                -151,40127940515495         1,644e+02
                                 -15,68540445111802         2,969e+01
                                 115,32650036402669        -1,003e+02
                                -161,87210140392003         1,779e+02
                                 283,22583837122562        -2,662e+02
                                 -37,01472124484668         5,501e+01
                                -123,05837341448188         1,421e+02
                                  38,71046475771673        -1,871e+01
                                  54,98541518612378        -3,399e+01
                                  49,22908038729612        -2,723e+01
                                  28,74973103741459        -5,750e+00
                                  27,59941179672112        -3,599e+00
                                 -20,66485290587171         4,566e+01
                                  48,37931458293793        -2,238e+01
                                                                     
   27        53    0,079921        0,99999966323155         3,368e-07
                                   2,00002267041841        -2,267e-05
                                   2,99964413770889         3,559e-04
                                   4,00208594591177        -2,086e-03
                                   4,99554197757738         4,458e-03
                                   5,99839501022127         1,605e-03
                                   7,01706666565200        -1,707e-02
                                   7,99218028538942         7,820e-03
                                   8,97014133457014         2,986e-02
                                  10,02956712015376        -2,957e-02
                                  10,99999625124144         3,749e-06
                                  11,99408406296634         5,916e-03
                                  13,01751318228431        -1,751e-02
                                  13,99259702097517         7,403e-03
                                  14,97441936850448         2,558e-02
                                  16,00495744388023        -4,957e-03
                                  17,02140915194417        -2,141e-02
                                  17,97978740499763         2,021e-02
                                  19,01057252035621        -1,057e-02
                                  20,00097839187504        -9,784e-04
                                  21,00474581866881        -4,746e-03
                                  21,99823647434864         1,764e-03
                                  23,00065187839622        -6,519e-04
                                  23,99653849836918         3,462e-03
                                  24,99655180498889         3,448e-03
                                  25,99747340152139         2,527e-03
                                  27,00484284711428        -4,843e-03
                                                                     
   28      1411    0,079527        0,99999894709699         1,053e-06
                                   2,00005354219811        -5,354e-05
                                   3,00083208489268        -8,321e-04
                                   3,95111688838601         4,888e-02
                                   5,66620628178626        -6,662e-01
                                   1,66009998791890         4,340e+00
                                  22,15777357040547        -1,516e+01
                                 -17,99798644318825         2,600e+01
                                  13,97169331603402        -4,972e+00
                                  64,31996213199903        -5,432e+01
                                 -44,26490811896078         5,526e+01
                                 -58,13346567727639         7,013e+01
                                 156,18705291787978        -1,432e+02
                                   5,09217260456790         8,908e+00
                                 -75,72064385955480         9,072e+01
                                 -14,59665555915500         3,060e+01
                                 128,57066738389204        -1,116e+02
                                  -0,29252992701691         1,829e+01
                                 -23,86181887436246         4,286e+01
                                  25,13912207882267        -5,139e+00
                                  59,44105823392159        -3,844e+01
                                  -1,91987242372658         2,392e+01
                                 -19,47428098441548         4,247e+01
                                  75,49904022016923        -5,150e+01
                                  34,93000614113747        -9,930e+00
                                  -4,39886252484578         3,040e+01
                                  34,90753351292842        -7,908e+00
                                  29,16663675379625        -1,167e+00
                                                                     
   29     12371    0,124015        1,00001494242204        -1,494e-05
                                   1,99794262282934         2,057e-03
                                   3,06970985075035        -6,971e-02
                                   2,99319385065188         1,007e+00
                                  12,58715929357643        -7,587e+00
                                 -26,32264269232395         3,232e+01
                                  84,36994616698357        -7,737e+01
                                 -79,28787265959421         8,729e+01
                                   0,43111209429840         8,569e+00
                                 120,51576740824845        -1,105e+02
                                 -14,20480376963734         2,520e+01
                                -111,03594041288743         1,230e+02
                                  83,22207724778460        -7,022e+01
                                  68,93389742459684        -5,493e+01
                                 -71,42975619373617         8,643e+01
                                 110,00325666492461        -9,400e+01
                                 -49,22682542847834         6,623e+01
                                 101,87439482859774        -8,387e+01
                                 -84,41252112506639         1,034e+02
                                 -37,70033880858371         5,770e+01
                                  84,89814366019493        -6,390e+01
                                 125,93584702419982        -1,039e+02
                                  -0,84699240693533         2,385e+01
                                 -35,62509826127710         5,963e+01
                                  29,12169961002165        -4,122e+00
                                  -4,92892641714359         3,093e+01
                                  44,58928248051635        -1,759e+01
                                  70,06454203208385        -4,206e+01
                                   4,41371917227045         2,459e+01
                                                                     
   30      1916    0,085014        1,00001397695466        -1,398e-05
                                   1,99844223230457         1,558e-03
                                   3,04235133464646        -4,235e-02
                                   3,51991794627521         4,801e-01
                                   7,72794210670377        -2,728e+00
                                  -2,12694404414123         8,127e+00
                                  18,31757680920207        -1,132e+01
                                   6,29702819031536         1,703e+00
                                  -2,05658504761041         1,106e+01
                                  12,80797038221573        -2,808e+00
                                  19,12302003321264        -8,123e+00
                                  16,40186936208934        -4,402e+00
                                   4,14161828935148         8,858e+00
                                  14,62552465709732        -6,255e-01
                                  13,61527027535562         1,385e+00
                                  13,09313423430042         2,907e+00
                                   5,59470209655672         1,141e+01
                                  39,71904365613851        -2,172e+01
                                  31,28368148323619        -1,228e+01
                                  13,63308149442439         6,367e+00
                                   2,43193883428957         1,857e+01
                                  19,90325004193248         2,097e+00
                                  20,25064058204529         2,749e+00
                                  29,49486391334808        -5,495e+00
                                  49,50350499239731        -2,450e+01
                                   8,81446795581098         1,719e+01
                                  21,01310801959612         5,987e+00
                                  35,42858225211857        -7,429e+00
                                  24,58098546716120         4,419e+00
                                  31,81999456153419        -1,820e+00
                                                                     
   31       146    0,059991        1,00000383583930        -3,836e-06
                                   1,99965940542969         3,406e-04
                                   3,00720538912223        -7,205e-03
                                   3,93937811366424         6,062e-02
                                   5,22928949520704        -2,293e-01
                                   5,69337974502245         3,066e-01
                                   6,59001123504207         4,100e-01
                                   9,80611716799570        -1,806e+00
                                   6,66343464694665         2,337e+00
                                  12,13793189437971        -2,138e+00
                                   9,06388091338114         1,936e+00
                                  12,57907283736064        -5,791e-01
                                  11,45931599818750         1,541e+00
                                  18,55851582408179        -4,559e+00
                                  14,47867031389890         5,213e-01
                                  13,22354461652787         2,776e+00
                                  14,61420270099381         2,386e+00
                                  20,24031389766992        -2,240e+00
                                  19,74643294865241        -7,464e-01
                                  21,19204817920850        -1,192e+00
                                  19,85043112643723         1,150e+00
                                  21,67937495793036         3,206e-01
                                  25,80724624946307        -2,807e+00
                                  21,04759610476112         2,952e+00
                                  23,50259713858828         1,497e+00
                                  27,11601262547386        -1,116e+00
                                  28,62508026188527        -1,625e+00
                                  27,11940413174040         8,806e-01
                                  29,23292230244309        -2,329e-01
                                  29,77890955910994         2,211e-01
                                  31,01801642273045        -1,802e-02
                                                                     
   32      3101    0,113127        1,00001905255542        -1,905e-05
                                   1,99781622772079         2,184e-03
                                   3,06166626743008        -6,167e-02
                                   3,26391729835344         7,361e-01
                                   9,50184448847581        -4,502e+00
                                  -9,07176843461367         1,507e+01
                                  33,66952150319490        -2,667e+01
                                 -10,66918104595666         1,867e+01
                                   1,96742073260100         7,033e+00
                                  19,28842011248213        -9,288e+00
                                  17,07895027091397        -6,079e+00
                                  23,76497101325462        -1,176e+01
                                 -15,60742964679431         2,861e+01
                                  19,66905381735752        -5,669e+00
                                  22,49507791857993        -7,495e+00
                                  14,47399232389502         1,526e+00
                                   2,44120057962433         1,456e+01
                                  50,01291414424190        -3,201e+01
                                  11,38896298995287         7,611e+00
                                   2,57610713143028         1,742e+01
                                  21,92829500881697        -9,283e-01
                                  45,63421341172659        -2,363e+01
                                   8,02075152014313         1,498e+01
                                  -9,22964882608034         3,323e+01
                                  52,98979782470580        -2,799e+01
                                  49,64596070884023        -2,365e+01
                                  19,91133378655460         7,089e+00
                                  -3,21518767477287         3,122e+01
                                  47,48008742703892        -1,848e+01
                                  38,72617743045897        -8,726e+00
                                  16,40438435855312         1,460e+01
                                  37,40036172860804        -5,400e+00
                                                                     
   33      1658    0,087073        0,99998944167625         1,056e-05
                                   2,00053746465952        -5,375e-04
                                   3,01009529454476        -1,010e-02
                                   3,47334698139499         5,267e-01
                                  11,72310250693602        -6,723e+00
                                 -34,74257497647410         4,074e+01
                                 141,01836761370367        -1,340e+02
                                -233,95903143882154         2,420e+02
                                 222,54527850625681        -2,135e+02
                                 -27,21962436652572         3,722e+01
                                 -88,22269538873954         9,922e+01
                                 187,48717338636123        -1,755e+02
                                -116,33007096617169         1,293e+02
                                -164,04903000602053         1,780e+02
                                 279,04411984656946        -2,640e+02
                                 -10,03802204898263         2,604e+01
                                  -6,06659227617859         2,307e+01
                                 212,47792928367656        -1,945e+02
                                -195,20482838400366         2,142e+02
                                -224,23227434036897         2,442e+02
                                 194,68402596413824        -1,737e+02
                                 136,81716811791452        -1,148e+02
                                 -60,93432908420253         8,393e+01
                                  42,73848202600301        -1,874e+01
                                 238,22977077891045        -2,132e+02
                                 -41,45400224678495         6,745e+01
                                 -84,50023049408847         1,115e+02
                                -115,44652075630823         1,434e+02
                                  27,78836710409748         1,212e+00
                                 149,31390179505379        -1,193e+02
                                 154,82771465832141        -1,238e+02
                                 -87,59839640231120         1,196e+02
                                  42,81878739489910        -9,819e+00
                                                                     
   34    100000    0,638612        0,99998809870899         1,190e-05
                                   2,00150685070479        -1,507e-03
                                   2,95245933482921         4,754e-02
                                   4,63775985866116        -6,378e-01
                                   0,63378558992720         4,366e+00
                                  21,88757633962942        -1,589e+01
                                 -19,53458365834023         2,653e+01
                                   3,98327824639233         4,017e+00
                                  89,35357642180352        -8,035e+01
                                 -61,87812866776417         7,188e+01
                                 -75,68537929299390         8,669e+01
                                 166,56184142627549        -1,546e+02
                                 -21,98903884741666         3,499e+01
                                  24,41023400887114        -1,041e+01
                                  -7,81888208417188         2,282e+01
                                -120,19565486210323         1,362e+02
                                 157,18803726826476        -1,402e+02
                                  89,16494057222727        -7,116e+01
                                 -55,68591157996462         7,469e+01
                                 -58,89936614831378         7,890e+01
                                  69,64438905853862        -4,864e+01
                                 121,51048979728570        -9,951e+01
                                 -73,56143917223774         9,656e+01
                                  30,26998242368429        -6,270e+00
                                  36,95362704043342        -1,195e+01
                                  11,70325361114009         1,430e+01
                                  72,33638350942813        -4,534e+01
                                 -86,08104475875776         1,141e+02
                                 126,25229625189051        -9,725e+01
                                  72,35691345292956        -4,236e+01
                                 -73,92145010089348         1,049e+02
                                 132,71830516635976        -1,007e+02
                                 -53,21278274346735         8,621e+01
                                  65,94305465739369        -3,194e+01
                                                                     
   35    100000    0,739968        1,00001098431235        -1,098e-05
                                   1,99851916488971         1,481e-03
                                   3,04931998513117        -4,932e-02
                                   3,29744593426779         7,026e-01
                                  10,24660958579204        -5,247e+00
                                 -16,32779367241475         2,233e+01
                                  61,11345208860700        -5,411e+01
                                 -55,10527099528490         6,311e+01
                                   1,14370014662975         7,856e+00
                                 114,79153253624308        -1,048e+02
                                 -45,08304299061932         5,608e+01
                                -109,78952515815031         1,218e+02
                                 141,97842443403422        -1,290e+02
                                 117,79994326940141        -1,038e+02
                                -170,83690965375328         1,858e+02
                                  -7,84756092400174         2,385e+01
                                 135,79395994022445        -1,188e+02
                                  24,24458639604374        -6,245e+00
                                 -19,99950104979220         3,900e+01
                                   5,50192857505507         1,450e+01
                                  63,12932487751971        -4,213e+01
                                  -8,30926424140388         3,031e+01
                                 -45,93968543474912         6,894e+01
                                  91,10666341446296        -6,711e+01
                                  61,99745791496102        -3,700e+01
                                 -13,54485350681114         3,954e+01
                                  75,54575043964654        -4,855e+01
                                  16,88592433988710         1,111e+01
                                 -51,11249136653758         8,011e+01
                                  35,71399609816059        -5,714e+00
                                  63,41680363345331        -3,242e+01
                                  80,63310535349088        -4,863e+01
                                  20,46840012434336         1,253e+01
                                 -15,54438814075601         4,954e+01
                                  58,58343568390688        -2,358e+01
                                                                     
   36    100000    0,761130        1,00000074662029        -7,466e-07
                                   1,99975037773952         2,496e-04
                                   3,01145563436978        -1,146e-02
                                   3,80880476274687         1,912e-01
                                   6,58103362665338        -1,581e+00
                                  -1,61152341262775         7,612e+00
                                  30,96439235870993        -2,396e+01
                                 -45,65483897237119         5,365e+01
                                  93,49076020824909        -8,449e+01
                                 -65,82746542176668         7,583e+01
                                  21,69879834971503        -1,070e+01
                                  40,82580884158550        -2,883e+01
                                 -16,34036906109051         2,934e+01
                                 119,11530589421915        -1,051e+02
                                -101,96175858457077         1,170e+02
                                  16,91191204789164        -9,119e-01
                                 -41,66462569144770         5,866e+01
                                 118,43316851150743        -1,004e+02
                                 -24,00657905178588         4,301e+01
                                 163,73764657489929        -1,437e+02
                                  59,59469305783759        -3,859e+01
                                -127,33326030682687         1,493e+02
                                 -98,73147577203261         1,217e+02
                                 -52,63280453066717         7,663e+01
                                 188,18017956528016        -1,632e+02
                                 149,61043805876528        -1,236e+02
                                -133,72725023427722         1,607e+02
                                 316,09042140666634        -2,881e+02
                                -111,76995490401288         1,408e+02
                                 -99,11083352073251         1,291e+02
                                 -10,22461434968817         4,122e+01
                                  84,91862800245475        -5,292e+01
                                  46,65966961505696        -1,366e+01
                                  86,64520542127804        -5,265e+01
                                  29,64176314645445         5,358e+00
                                  13,67749466360776         2,232e+01
                                                                     
   37     11443    0,193669        1,00001179392411        -1,179e-05
                                   1,99820035886352         1,800e-03
                                   3,06360059519147        -6,360e-02
                                   3,08782086335682         9,122e-01
                                  11,48112453145740        -6,481e+00
                                 -18,25818986594138         2,426e+01
                                  51,82876967755989        -4,483e+01
                                 -17,78689886298055         2,579e+01
                                  -0,27744059946504         9,277e+00
                                 -76,42731921364744         8,643e+01
                                 250,47677749109599        -2,395e+02
                                -124,72144843185340         1,367e+02
                                  21,35718274598335        -8,357e+00
                                -167,17310699613142         1,812e+02
                                 116,60576630460902        -1,016e+02
                                 222,02780462086105        -2,060e+02
                                  16,45606754388411         5,439e-01
                                -153,04434215116754         1,710e+02
                                 -65,08887961872234         8,409e+01
                                  42,60166757175970        -2,260e+01
                                 196,62833817331736        -1,756e+02
                                   3,41725428910981         1,858e+01
                                  23,48109979736346        -4,811e-01
                                -275,24963972285479         2,992e+02
                                 251,64833896723789        -2,266e+02
                                 153,96628979899685        -1,280e+02
                                  -3,36113202338539         3,036e+01
                                -141,26478777427837         1,693e+02
                                  95,27078479659362        -6,627e+01
                                  80,86111064906657        -5,086e+01
                                 -39,84841345079914         7,085e+01
                                  54,24031844946883        -2,224e+01
                                 -34,52553465365628         6,753e+01
                                 214,67293225759195        -1,807e+02
                                -101,47369004610891         1,365e+02
                                  71,61865338171157        -3,562e+01
                                  33,71089167633544         3,289e+00
                                                                     
   38      2185    0,071369        0,99996559501088         3,440e-05
                                   2,00427184947233        -4,272e-03
                                   2,87029423055403         1,297e-01
                                   5,65087839798434        -1,651e+00
                                  -5,64427598576126         1,064e+01
                                  42,80475323770711        -3,680e+01
                                 -56,53988228564454         6,354e+01
                                  36,49801176469155        -2,850e+01
                                  70,33546339679688        -6,134e+01
                                 -50,96335117240859         6,096e+01
                                 -10,66022248864148         2,166e+01
                                  11,16917800784254         8,308e-01
                                  50,66449832149716        -3,766e+01
                                  19,48627330188874        -5,486e+00
                                  35,25847313129054        -2,026e+01
                                  22,21384527098566        -6,214e+00
                                 -36,43403329032917         5,343e+01
                                 -43,35032959094823         6,135e+01
                                  60,75410072939374        -4,175e+01
                                 117,71156787267932        -9,771e+01
                                 -49,19123546269618         7,019e+01
                                   3,28035355832298         1,872e+01
                                  -0,98526066676875         2,399e+01
                                 125,83717937487702        -1,018e+02
                                   4,63793934700945         2,036e+01
                                  46,57436917298802        -2,057e+01
                                   7,91014425419402         1,909e+01
                                 -42,27420679335675         7,027e+01
                                  -0,71200429382422         2,971e+01
                                  48,41374254745057        -1,841e+01
                                  39,47459925662110        -8,475e+00
                                  74,80130668982721        -4,280e+01
                                  52,22049587483922        -1,922e+01
                                  73,75689584984579        -3,976e+01
                                  23,60369287598362         1,140e+01
                                 -48,10332584461850         8,410e+01
                                  37,87597494931420        -8,760e-01
                                  69,04989452578810        -3,105e+01
                                                                     
   39        42    0,056074        0,99999990207982         9,792e-08
                                   2,00000656622939        -6,566e-06
                                   2,99989512598597         1,049e-04
                                   4,00065360652514        -6,536e-04
                                   4,99824299030784         1,757e-03
                                   6,00152900420555        -1,529e-03
                                   7,00123754431750        -1,238e-03
                                   7,99807902399706         1,921e-03
                                   8,99993044023245         6,956e-05
                                   9,99913021762807         8,698e-04
                                  10,99996730529096         3,269e-05
                                  12,00128018008962        -1,280e-03
                                  13,00161668027282        -1,617e-03
                                  14,00085068667925        -8,507e-04
                                  14,99946475985608         5,352e-04
                                  15,99993254031501         6,746e-05
                                  16,99636556836962         3,634e-03
                                  17,99950557702636         4,944e-04
                                  18,99828223952866         1,718e-03
                                  20,00211447808725        -2,114e-03
                                  20,99981278698492         1,872e-04
                                  22,00216544067294        -2,165e-03
                                  23,00179900264240        -1,799e-03
                                  24,00091553674206        -9,155e-04
                                  25,00205713632781        -2,057e-03
                                  25,99748099370882         2,519e-03
                                  26,99840516622203         1,595e-03
                                  27,99931487809250         6,851e-04
                                  28,99914683541999         8,532e-04
                                  29,99999309528119         6,905e-06
                                  30,99901205375675         9,879e-04
                                  32,00016958901786        -1,696e-04
                                  32,99894130174863         1,059e-03
                                  34,00044171941884        -4,417e-04
                                  35,00220061567056        -2,201e-03
                                  36,00101271179650        -1,013e-03
                                  36,99989206536400         1,079e-04
                                  38,00169126927371        -1,691e-03
                                  38,99746326008165         2,537e-03
                                                                     
   40      2606    0,091919        0,99998444255453         1,556e-05
                                   2,00191968309304        -1,920e-03
                                   2,94220376372703         5,780e-02
                                   4,72718864061507        -7,272e-01
                                   0,38973437175471         4,610e+00
                                  21,50093442518056        -1,550e+01
                                 -18,17530908558758         2,518e+01
                                  15,25864755669069        -7,259e+00
                                  39,12597952950020        -3,013e+01
                                 -13,55358131492942         2,355e+01
                                  -0,97822277967960         1,198e+01
                                   7,36326401505069         4,637e+00
                                  32,48757867535179        -1,949e+01
                                  19,29924829123377        -5,299e+00
                                   6,40677441991288         8,593e+00
                                  50,61538539065977        -3,462e+01
                                 -20,43360440561389         3,743e+01
                                  12,93434862219915         5,066e+00
                                  -9,10297557890614         2,810e+01
                                  39,31417105744545        -1,931e+01
                                  48,40513824029962        -2,741e+01
                                  21,54963935109326         4,504e-01
                                  13,21765748050853         9,782e+00
                                  41,64363038938004        -1,764e+01
                                  24,23929202226752         7,607e-01
                                  12,38787565347978         1,361e+01
                                  35,34230706186845        -8,342e+00
                                   2,58664894708813         2,541e+01
                                  28,51998078840855         4,800e-01
                                  18,45492439672965         1,155e+01
                                  45,00941966017105        -1,401e+01
                                  32,18638846215587        -1,864e-01
                                  44,23667110604015        -1,124e+01
                                  73,47003255646747        -3,947e+01
                                  15,55029036535874         1,945e+01
                                  21,14356924601640         1,486e+01
                                  17,66929796804478         1,933e+01
                                  35,56730395025837         2,433e+00
                                  61,13762722512298        -2,214e+01
                                  34,55865777475741         5,441e+00
                                                                     
   41     73325    0,563985        1,00001389430204        -1,389e-05
                                   1,99825340363288         1,747e-03
                                   3,05351042499274        -5,351e-02
                                   3,32082652228691         6,792e-01
                                   9,20794185894528        -4,208e+00
                                  -6,18232456017979         1,218e+01
                                  10,90740755070127        -3,907e+00
                                  87,08577071681987        -7,909e+01
                                -228,69544824983447         2,377e+02
                                 306,62846571569548        -2,966e+02
                                -122,28621125678913         1,333e+02
                                 -31,05766864856504         4,306e+01
                                  81,62920025228270        -6,863e+01
                                 -44,10964979637021         5,811e+01
                                  27,15362150981269        -1,215e+01
                                  28,22971500335587        -1,223e+01
                                 108,90166022644263        -9,190e+01
                                 -71,58044329619351         8,958e+01
                                  67,41610290787160        -4,842e+01
                                 -90,63993138490177         1,106e+02
                                 -33,19766267282512         5,420e+01
                                 227,96661190903882        -2,060e+02
                                  16,21894552811058         6,781e+00
                                 -67,05482084976505         9,105e+01
                                 -24,36248273145292         4,936e+01
                                  18,45490931513149         7,545e+00
                                 260,52910111159684        -2,335e+02
                                -164,50803526792367         1,925e+02
                                 155,39972068430498        -1,264e+02
                                -186,85193028726439         2,169e+02
                                  28,36453136301733         2,635e+00
                                 191,16041962550759        -1,592e+02
                                 122,78529940652224        -8,979e+01
                                -132,28829853950879         1,663e+02
                                 100,56365735129660        -6,556e+01
                                  75,01816024833084        -3,902e+01
                                -238,00553139341994         2,750e+02
                                 323,58363883896158        -2,856e+02
                                  63,43028553047382        -2,443e+01
                                -117,08325821782427         1,571e+02
                                  98,89593094609783        -5,790e+01
                                                                     
   42     86414    0,639537        0,99999579886413         4,201e-06
                                   2,00035324349689        -3,532e-04
                                   2,99715318304773         2,847e-03
                                   3,89227307608570         1,077e-01
                                   7,03806950498561        -2,038e+00
                                  -8,27174206704407         1,427e+01
                                  55,35447559623160        -4,835e+01
                                 -64,64117907363844         7,264e+01
                                  11,07780026920954        -2,078e+00
                                 109,17581330958279        -9,918e+01
                                  29,23783946448744        -1,824e+01
                                -217,76785146572840         2,298e+02
                                 169,71937467488340        -1,567e+02
                                 -72,72204435518601         8,672e+01
                                 219,75345017055403        -2,048e+02
                                 -14,85352791548310         3,085e+01
                                 -90,68306799408217         1,077e+02
                                -122,46181673065001         1,405e+02
                                 187,75006656893473        -1,688e+02
                                  83,00266387550826        -6,300e+01
                                -181,69193198325610         2,027e+02
                                 117,83832684505307        -9,584e+01
                                 -17,22540331792012         4,023e+01
                                 327,76872878569657        -3,038e+02
                                -130,32896662913359         1,553e+02
                                 -56,85796675213159         8,286e+01
                                  37,11696099791509        -1,012e+01
                                -258,66427311549785         2,867e+02
                                 231,12421352257431        -2,021e+02
                                 147,52363389566409        -1,175e+02
                                 243,75161324345544        -2,128e+02
                                -204,56312648864125         2,366e+02
                                 -81,83266422313874         1,148e+02
                                 -35,33998145741187         6,934e+01
                                 301,52613663369567        -2,665e+02
                                 -23,08750077311449         5,909e+01
                                  83,84017409266367        -4,684e+01
                                -126,04565174857524         1,640e+02
                                  94,83179580052125        -5,583e+01
                                  34,21975896499226         5,780e+00
                                  94,11958163029630        -5,312e+01
                                  14,37845414840863         2,762e+01
                                                                     
   43      1165    0,073961        0,99996926505439         3,073e-05
                                   2,00367064945273        -3,671e-03
                                   2,89415572382530         1,058e-01
                                   5,25958754964324        -1,260e+00
                                  -2,42120451165995         7,421e+00
                                  28,47827180870124        -2,248e+01
                                 -23,22868601560111         3,023e+01
                                   7,26195384773449         7,380e-01
                                  43,90007644573991        -3,490e+01
                                  13,06178870470104        -3,062e+00
                                 -23,25978342078925         3,426e+01
                                 -11,20160034705444         2,320e+01
                                  48,44653830740895        -3,545e+01
                                  15,11002697248770        -1,110e+00
                                   2,85300744772565         1,215e+01
                                  73,00265170601187        -5,700e+01
                                  -9,68042772406845         2,668e+01
                                  -3,45803822471499         2,146e+01
                                   4,61002158281669         1,439e+01
                                   1,05806160843455         1,894e+01
                                  31,86372301961391        -1,086e+01
                                  33,25798246863882        -1,126e+01
                                  37,58631161633521        -1,459e+01
                                  32,50685711334970        -8,507e+00
                                  28,74183960287869        -3,742e+00
                                  37,01836679083812        -1,102e+01
                                  18,08605476313702         8,914e+00
                                  38,89321353556832        -1,089e+01
                                  -0,78924760925747         2,979e+01
                                  35,16505593816793        -5,165e+00
                                   7,24418238082458         2,376e+01
                                  17,56320207323341         1,444e+01
                                  39,15453996962747        -6,155e+00
                                  47,81450299939294        -1,381e+01
                                  37,94097693836564        -2,941e+00
                                  50,26888507030826        -1,427e+01
                                  75,05420723739066        -3,805e+01
                                  22,70834571101801         1,529e+01
                                  20,48928235266941         1,851e+01
                                  48,96171021343372        -8,962e+00
                                  25,98928321548437         1,501e+01
                                  11,44673963247760         3,055e+01
                                  73,34399156763114        -3,034e+01
                                                                     
   44        55    0,069561        0,99999991072544         8,927e-08
                                   2,00000758209558        -7,582e-06
                                   2,99984709066787         1,529e-04
                                   4,00124718400877        -1,247e-03
                                   4,99512383966809         4,876e-03
                                   6,00912010252979        -9,120e-03
                                   6,99446873535399         5,531e-03
                                   7,99504993171429         4,950e-03
                                   9,00475169879140        -4,752e-03
                                  10,00375050907729        -3,751e-03
                                  10,99854364969102         1,456e-03
                                  12,00120127646688        -1,201e-03
                                  12,99305109149888         6,949e-03
                                  13,99710387731136         2,896e-03
                                  15,00562216654525        -5,622e-03
                                  16,00531572045034        -5,316e-03
                                  17,00017247810961        -1,725e-04
                                  17,99866933329756         1,331e-03
                                  19,00006569129354        -6,569e-05
                                  19,99548113294074         4,519e-03
                                  20,99757221818786         2,428e-03
                                  21,99865936339522         1,341e-03
                                  22,99885234683634         1,148e-03
                                  24,00263771098448        -2,638e-03
                                  25,00242968105103        -2,430e-03
                                  26,00953534705386        -9,535e-03
                                  26,99861425727302         1,386e-03
                                  27,99511189813521         4,888e-03
                                  28,99666292552726         3,337e-03
                                  30,00453514388255        -4,535e-03
                                  30,99488162718281         5,118e-03
                                  32,00673393780056        -6,734e-03
                                  32,99653439128407         3,466e-03
                                  33,99262793307402         7,372e-03
                                  35,00725808771723        -7,258e-03
                                  35,99902593389584         9,741e-04
                                  36,99308031330838         6,920e-03
                                  38,00586157397682        -5,862e-03
                                  38,99762791571823         2,372e-03
                                  39,99907780653201         9,222e-04
                                  41,00439730520053        -4,397e-03
                                  42,00470837189074        -4,708e-03
                                  42,99903622482059         9,638e-04
                                  43,99594442908617         4,056e-03
                                                                     
   45      1549    0,080454        0,99999786290042         2,137e-06
                                   2,00021453499872        -2,145e-04
                                   2,99475356236419         5,246e-03
                                   4,05272839499690        -5,273e-02
                                   4,74888340264578         2,511e-01
                                   6,48216819973796        -4,822e-01
                                   7,50993289231424        -5,099e-01
                                   3,71264157943359         4,287e+00
                                  16,49832680902743        -7,498e+00
                                   7,89195910704576         2,108e+00
                                   2,32199713534022         8,678e+00
                                  20,53462342985456        -8,535e+00
                                  13,55698514892953        -5,570e-01
                                  13,80457043140655         1,954e-01
                                  10,61196358048602         4,388e+00
                                  17,89943328877657        -1,899e+00
                                  16,23756090179383         7,624e-01
                                  22,96063395623618        -4,961e+00
                                   9,78262131634886         9,217e+00
                                  27,43142438160891        -7,431e+00
                                  12,29066752784839         8,709e+00
                                  34,61694818754521        -1,262e+01
                                  18,37715360025076         4,623e+00
                                  34,92197706630672        -1,092e+01
                                   9,89052428592527         1,511e+01
                                  24,28651481759227         1,713e+00
                                  18,22565917207340         8,774e+00
                                  46,31176271260151        -1,831e+01
                                  21,56300672126771         7,437e+00
                                  31,94142482403172        -1,941e+00
                                  42,94900329638025        -1,195e+01
                                  18,61491837790108         1,339e+01
                                  22,33960629876222         1,066e+01
                                  51,47579032042666        -1,748e+01
                                  36,84982779904152        -1,850e+00
                                  37,36912647711649        -1,369e+00
                                  34,40393685035894         2,596e+00
                                  22,91646971421603         1,508e+01
                                  36,04364914670780         2,956e+00
                                  57,06144504486203        -1,706e+01
                                  31,25781452539398         9,742e+00
                                  57,41806211471926        -1,542e+01
                                  29,64337506986119         1,336e+01
                                  48,09952888500501        -4,100e+00
                                  44,09838232437685         9,016e-01
                                                                     
   46        57    0,077441        1,00000021511967        -2,151e-07
                                   1,99998444772363         1,555e-05
                                   3,00026886561586        -2,689e-04
                                   3,99815342404057         1,847e-03
                                   5,00567722192843        -5,677e-03
                                   5,99366643156908         6,334e-03
                                   6,99602159565247         3,978e-03
                                   8,01070699661387        -1,071e-02
                                   9,00358443222115        -3,584e-03
                                   9,99009358611581         9,906e-03
                                  10,99522829957601         4,772e-03
                                  12,00302525343638        -3,025e-03
                                  13,00568287929691        -5,683e-03
                                  14,00188250449066        -1,883e-03
                                  14,99212378394035         7,876e-03
                                  16,00707651580029        -7,077e-03
                                  16,99867276818391         1,327e-03
                                  17,99818300819718         1,817e-03
                                  18,99808699627221         1,913e-03
                                  20,00192955124950        -1,930e-03
                                  21,00252199381848        -2,522e-03
                                  22,00674894560610        -6,749e-03
                                  22,98837615831069         1,162e-02
                                  23,99568877876555         4,311e-03
                                  24,98891289640290         1,109e-02
                                  26,01178556060496        -1,179e-02
                                  27,01090132354731        -1,090e-02
                                  28,00707290048583        -7,073e-03
                                  28,99479999132246         5,200e-03
                                  29,99554249108640         4,458e-03
                                  31,00185891193558        -1,859e-03
                                  31,99926535833374         7,346e-04
                                  32,99342517864589         6,575e-03
                                  33,99896719275565         1,033e-03
                                  34,99750809786210         2,492e-03
                                  36,00100555138390        -1,006e-03
                                  36,99799066335721         2,009e-03
                                  38,01156962876970        -1,157e-02
                                  38,99777708898849         2,223e-03
                                  40,00594195558551        -5,942e-03
                                  40,99800340655772         1,997e-03
                                  41,99183677634046         8,163e-03
                                  43,00397489741389        -3,975e-03
                                  43,99388724570642         6,113e-03
                                  45,00418533939941        -4,185e-03
                                  46,00040294625602        -4,029e-04
                                                                     
   47        52    0,065463        0,99999998546137         1,454e-08
                                   2,00000028995946        -2,900e-07
                                   3,00000715650120        -7,157e-06
                                   3,99986188538109         1,381e-04
                                   5,00076301539188        -7,630e-04
                                   5,99842739428697         1,573e-03
                                   7,00021374798635        -2,137e-04
                                   8,00319229456766        -3,192e-03
                                   8,99719709328073         2,803e-03
                                   9,99907844165132         9,216e-04
                                  11,00141173544163        -1,412e-03
                                  12,00049610552389        -4,961e-04
                                  12,99857753376618         1,422e-03
                                  13,99844569112625         1,554e-03
                                  15,00092213934266        -9,221e-04
                                  16,00318644084939        -3,186e-03
                                  17,00208619052751        -2,086e-03
                                  17,99873304966372         1,267e-03
                                  18,99960195952455         3,980e-04
                                  19,99824173441146         1,758e-03
                                  20,99658266073466         3,417e-03
                                  22,00106296762720        -1,063e-03
                                  22,99736075536773         2,639e-03
                                  24,00451826715759        -4,518e-03
                                  24,99705200274883         2,948e-03
                                  25,99806026393868         1,940e-03
                                  27,00258639018181        -2,586e-03
                                  28,00252035769583        -2,520e-03
                                  29,00208604342674        -2,086e-03
                                  30,00284499582857        -2,845e-03
                                  31,00491834294806        -4,918e-03
                                  31,99728826991312         2,712e-03
                                  32,99849750090087         1,502e-03
                                  33,99799801340876         2,002e-03
                                  34,99431750868951         5,682e-03
                                  35,99541445038191         4,586e-03
                                  36,99876660939434         1,233e-03
                                  37,99583436874281         4,166e-03
                                  39,00436874118559        -4,369e-03
                                  40,00462392582942        -4,624e-03
                                  41,00751852253273        -7,519e-03
                                  42,00010095524551        -1,010e-04
                                  42,99980090755373         1,991e-04
                                  43,99780797476453         2,192e-03
                                  44,99889733767967         1,103e-03
                                  45,99753188381694         2,468e-03
                                  47,00119588820751        -1,196e-03
                                                                     
   48        56    0,073087        1,00000007002400        -7,002e-08
                                   1,99999627060272         3,729e-06
                                   3,00004686635868        -4,687e-05
                                   3,99977518802697         2,248e-04
                                   5,00042372323876        -4,237e-04
                                   5,99994922431846         5,078e-05
                                   6,99918320356349         8,168e-04
                                   8,00107327121117        -1,073e-03
                                   8,99929143718469         7,086e-04
                                   9,99837462492069         1,625e-03
                                  11,00602604470345        -6,026e-03
                                  11,99746224124053         2,538e-03
                                  12,99361749372785         6,383e-03
                                  14,00349637030918        -3,496e-03
                                  15,00173009769323        -1,730e-03
                                  15,99588086307714         4,119e-03
                                  17,01053502762625        -1,054e-02
                                  17,99603445804043         3,966e-03
                                  18,99337010781589         6,630e-03
                                  20,00800727170407        -8,007e-03
                                  20,99547205378251         4,528e-03
                                  22,00327656784004        -3,277e-03
                                  22,99057735602223         9,423e-03
                                  24,00161737950689        -1,617e-03
                                  24,99805587468508         1,944e-03
                                  26,00538601869075        -5,386e-03
                                  27,00608774061200        -6,088e-03
                                  28,00053080735290        -5,308e-04
                                  28,99233647210766         7,664e-03
                                  30,00936928981489        -9,369e-03
                                  30,99487565897267         5,124e-03
                                  31,99818872647066         1,811e-03
                                  32,99789571448545         2,104e-03
                                  34,00517726012055        -5,177e-03
                                  35,00047783402722        -4,778e-04
                                  35,99316104158957         6,839e-03
                                  37,00669247014026        -6,692e-03
                                  37,99454014321083         5,460e-03
                                  38,99267582743145         7,324e-03
                                  40,00496105535826        -4,961e-03
                                  40,99912162501315         8,784e-04
                                  42,00304595769970        -3,046e-03
                                  43,00780915871856        -7,809e-03
                                  44,00100315512327        -1,003e-03
                                  44,99911175670462         8,882e-04
                                  45,99329008691804         6,710e-03
                                  46,99760900996468         2,391e-03
                                  48,00337998422874        -3,380e-03
                                                                     
   49        55    0,070133        0,99999972053960         2,795e-07
                                   2,00001749167237        -1,749e-05
                                   2,99974292087540         2,571e-04
                                   4,00144852096514        -1,449e-03
                                   4,99660251824978         3,397e-03
                                   6,00223032197641        -2,230e-03
                                   7,00210254708148        -2,103e-03
                                   7,99963836338330         3,616e-04
                                   8,99710290469080         2,897e-03
                                   9,99834341607011         1,657e-03
                                  11,00022467205614        -2,247e-04
                                  12,00242502671145        -2,425e-03
                                  13,00155417962188        -1,554e-03
                                  14,00050722534017        -5,072e-04
                                  15,00153655045738        -1,537e-03
                                  15,99640882900914         3,591e-03
                                  17,00027920628457        -2,792e-04
                                  18,00078218792312        -7,822e-04
                                  19,00084448801298        -8,445e-04
                                  19,99952794459995         4,721e-04
                                  20,99456895758800         5,431e-03
                                  22,00069136732714        -6,914e-04
                                  23,00079533919378        -7,953e-04
                                  23,99786801128616         2,132e-03
                                  24,99909493156296         9,051e-04
                                  26,00358712676751        -3,587e-03
                                  27,00298163407075        -2,982e-03
                                  28,00100695174561        -1,007e-03
                                  29,00196719847886        -1,967e-03
                                  30,00443340356496        -4,433e-03
                                  30,99918949339337         8,105e-04
                                  31,99930178800236         6,982e-04
                                  32,99876802785766         1,232e-03
                                  33,99476364362791         5,236e-03
                                  34,99736047326838         2,640e-03
                                  36,00005051090795        -5,051e-05
                                  36,99836170332819         1,638e-03
                                  38,00001029438756        -1,029e-05
                                  38,99879055387179         1,209e-03
                                  40,00017543873014        -1,754e-04
                                  41,00134121164486        -1,341e-03
                                  41,99922696670940         7,730e-04
                                  43,00132436440837        -1,324e-03
                                  44,00219197143542        -2,192e-03
                                  45,00233599325954        -2,336e-03
                                  46,00342462134471        -3,425e-03
                                  47,00026637180956        -2,664e-04
                                  47,99770745604032         2,293e-03
                                  48,99709462189471         2,905e-03
                                                                     
