56
30
79
23
80
49
45
70
90
48
153
32
113
96
26
4
113
49
92
69
36
53
36
68
172
36
166
89
133
54
1
116
58
68
52
1
85
85
64
22
4
38
51
145
73
120
70
35
49
100
21
123
49
174
62
45
1
75
158
61
219
100
65
78
61
17
51
203
137
36
189
90
41
16
116
36
147
89
68
86
25
73
53
82
73
74
41
10
61
65
9
49
41
53
53
81
20
41
64
42
150
16
73
59
143
125
171
58
10
1
113
53
109
34
83
10
74
139
50
110
16
5
186
128
39
45
1
133
36
52
100
94
64
13
49
77
51
9
20
244
62
100
93
114
34
93
16
10
98
9
50
25
2
125
94
90
116
100
88
10
5
37
19
128
74
74
141
49
138
41
26
51
135
75
124
65
62
163
163
44
117
108
99
28
13
75
47
21
32
65
9
150
109
56
110
73
60
54
222
24
64
5
98
78
164
59
9
73
162
177
379
1
66
29
9
101
65
25
36
163
62
29
86
10
128
181
145
41
81
99
1
53
49
72
111
34
138
79
9
134
46
30
68
29
66
125
149
10
84
77
100
84
9
90
64
130
46
103
29
143
226
123
151
87
145
187
202
14
86
16
74
111
98
50
81
1
64
37
25
34
13
85
134
165
41
50
9
107
126
67
189
222
19
97
149
9
82
101
117
16
54
43
62
89
61
89
42
145
90
101
14
180
32
49
121
86
98
34
16
89
9
162
77
153
4
78
64
68
27
54
37
68
30
4
9
66
41
50
57
1
117
117
100
89
58
1
59
61
1
74
89
36
90
164
94
74
36
25
5
40
38
45
73
155
25
46
26
158
77
154
106
138
199
9
25
67
74
290
98
125
102
67
1
5
148
100
101
1
95
146
14
41
73
94
85
207
32
121
125
128
72
70
121
64
135
17
158
154
41
75
107
53
16
87
16
178
100
27
46
87
4
18
109
100
36
9
72
25
118
44
78
25
50
156
132
20
58
117
132
83
55
92
103
84
117
69
33
69
74
137
162
115
74
52
25
74
4
65
74
45
48
45
117
53
52
228
50
77
49
78
161
96
40
13
58
113
45
103
45
125
114
72
114
65
29
82
126
57
36
89
47
8
53
69
201
126
158
113
134
178
56
73
134
146
89
89
73
26
69
43
68
113
65
154
5
53
73
73
81
13
151
56
127
34
26
16
34
1
57
32
1
157
58
61
36
81
34
56
26
38
37
65
34
193
18
64
92
1
67
90
25
78
25
90
52
68
41
74
16
40
84
147
41
135
117
81
177
82
16
100
41
29
73
94
78
104
64
31
73
112
26
65
177
104
32
25
25
113
165
4
38
58
202
97
136
83
9
55
9
89
130
16
64
74
112
132
25
70
57
8
114
134
36
77
138
138
134
74
46
71
217
22
154
198
74
100
37
25
9
49
50
25
194
59
110
4
1
81
115
61
83
172
54
103
168
10
26
74
49
73
53
45
65
116
4
128
50
78
128
62
113
73
77
63
98
68
114
89
113
45
25
70
68
165
52
49
41
7
25
98
9
13
8
25
18
133
93
16
104
113
67
138
94
14
9
101
56
30
14
72
153
212
152
105
81
148
68
102
42
129
10
82
102
108
117
68
114
1
104
61
1
41
103
58
42
176
114
70
133
65
100
43
153
18
121
74
1
182
157
100
36
9
130
74
38
45
86
9
79
10
5
127
123
101
29
21
9
62
79
63
21
113
99
98
194
68
153
33
100
1
29
75
51
70
44
14
70
16
81
61
53
27
125
4
174
34
107
65
98
43
58
65
62
52
32
77
116
128
35
74
231
98
64
94
54
9
147
114
84
174
234
141
50
104
102
115
58
89
35
29
231
86
68
21
59
74
52
65
50
114
49
34
114
117
68
104
49
53
61
61
36
110
13
130
140
75
60
87
150
93
126
49
65
141
74
9
18
178
69
118
78
113
70
100
74
70
53
71
41
85
129
25
102
90
70
56
89
84
101
65
25
123
115
57
130
146
101
162
58
70
111
49
85
154
70
36
89
74
146
17
65
202
17
54
54
58
186
33
74
104
25
29
102
137
116
98
64
77
58
75
4
17
100
116
37
32
9
29
87
84
25
67
153
154
68
61
25
76
29
30
78
65
34
53
20
85
109
109
64
5
97
66
16
4
43
9
73
54
25
89
85
130
99
154
41
144
9
10
41
53
76
26
41
34
25
1
37
99
145
90
146
89
4
61
82
30
190
128
74
119
46
52
73
62
86
5
134
89
175
210
