20
36
6
42
14
6
7
35
42
6
35
21
5
6
40
18
22
27
6
5
8
27
45
77
14
20
14
56
24
15
12
25
105
14
2
52
24
24
14
12
48
70
49
14
14
24
22
42
6
8
72
12
12
35
8
30
18
42
2
5
4
3
72
48
24
15
10
7
2
42
30
6
1
64
32
21
56
24
13
4
20
8
6
14
2
18
48
10
15
5
8
7
88
36
24
24
8
25
10
66
32
12
6
2
28
6
120
27
1
30
30
8
56
63
6
16
1
14
28
8
36
64
96
6
49
5
24
35
5
32
45
72
63
7
10
48
6
1
9
14
56
80
16
8
10
36
15
6
32
32
50
35
65
10
35
42
12
24
15
40
48
48
20
45
16
16
48
28
32
8
56
8
64
48
88
56
91
5
5
7
4
28
6
72
12
21
27
4
98
18
8
64
48
8
30
65
30
70
32
21
28
36
5
120
40
24
42
35
7
24
36
56
64
32
28
56
22
16
30
42
36
16
30
15
20
20
60
5
3
54
6
42
2
30
14
8
7
42
12
8
30
5
33
33
48
88
14
28
25
21
15
7
8
14
6
24
28
52
10
5
8
35
2
35
28
25
6
20
21
6
10
28
96
21
32
48
42
21
16
28
35
30
21
12
7
16
12
14
3
7
42
14
6
48
60
30
30
20
12
36
28
60
35
24
40
18
20
75
56
32
7
7
5
42
48
21
6
24
16
4
64
88
35
24
21
24
24
55
66
12
6
4
104
8
20
15
5
5
6
18
4
6
9
6
5
60
3
56
112
35
28
7
16
12
3
7
20
8
20
48
15
16
40
30
30
49
56
56
14
7
32
4
6
40
48
5
32
72
16
80
42
18
112
3
20
6
18
9
28
16
39
6
50
20
30
48
48
18
18
48
56
30
12
40
30
60
6
6
49
12
49
42
48
36
80
56
18
13
63
21
40
21
7
28
35
42
7
40
8
2
36
10
4
8
25
6
42
54
50
63
48
42
18
18
5
7
18
12
20
12
21
21
9
54
24
56
20
75
55
3
9
30
6
30
42
6
24
16
16
15
24
15
10
25
35
65
2
4
70
36
52
5
104
20
24
20
14
12
1
5
56
6
7
7
2
20
3
15
5
49
55
30
15
42
30
10
24
9
42
22
8
4
56
3
24
3
30
24
7
4
15
4
3
14
21
72
48
40
12
8
32
30
42
7
24
24
30
75
50
25
21
24
6
15
4
20
91
36
20
48
48
21
18
6
21
5
15
24
3
8
36
28
16
45
6
4
120
49
12
36
16
84
24
18
28
52
42
36
24
36
42
40
10
36
65
48
56
16
56
48
54
24
3
12
30
24
6
4
6
20
48
77
21
49
48
56
48
54
42
30
105
7
72
28
21
28
16
32
20
8
14
10
44
16
4
60
6
24
42
6
78
18
32
70
40
40
15
2
30
16
7
8
2
1
7
16
96
14
8
56
8
30
20
24
21
35
56
49
1
8
18
6
12
2
15
50
48
80
21
40
25
35
66
16
12
16
24
10
24
14
65
3
36
10
60
40
64
56
28
6
3
6
54
2
48
14
4
2
63
12
12
9
21
2
72
16
13
80
1
4
16
16
6
14
88
24
9
12
44
28
48
4
55
6
30
10
48
25
24
48
24
25
16
24
54
48
48
24
9
12
24
7
20
24
28
20
4
16
48
56
12
50
98
20
30
12
4
36
18
8
16
24
30
48
6
15
15
48
7
28
3
24
9
36
8
30
36
48
21
24
12
24
104
66
24
12
21
39
18
10
18
9
24
24
42
7
78
12
8
10
18
36
8
11
3
6
16
66
8
6
40
7
8
7
6
12
6
8
42
84
48
18
20
64
2
14
6
16
6
24
42
12
9
30
64
24
28
4
36
42
13
6
24
4
44
16
24
64
27
8
20
4
77
40
35
112
48
15
2
49
20
12
6
10
45
36
30
50
5
16
15
14
24
35
6
20
15
10
35
25
15
64
80
64
4
35
10
2
5
20
35
5
6
3
30
24
77
30
18
15
35
84
49
64
14
120
64
6
20
88
8
32
15
21
15
42
56
48
32
72
64
28
40
20
16
2
42
42
6
8
35
7
8
6
55
12
77
60
24
78
18
78
78
24
42
64
15
20
3
24
10
13
39
18
9
15
6
6
42
18
18
30
42
49
14
24
28
10
25
4
3
64
8
32
40
56
8
8
22
4
4
45
39
24
10
20
6
35
16
16
56
12
36
24
16
4
10
30
12
48
12
14
77
15
5
8
20
6
7
35
65
48
66
24
12
6
35
24
18
21
15
6
30
48
64
32
32
16
96
24
56
72
24
9
6
9
21
24
32
20
21
56
16
77
48
72
40
105
18
30
14
16
56
8
63
56
3
24
16
8
28
50
35
40
48
32
8
36
3
6
32
25
40
8
4
6
40
4
55
2
3
25
8
56
6
10
63
12
4
16
9
42
49
21
12
60
30
6
24
84
6
18
21
30
60
3
2
5
6
24
21
28
60
24
6
4
36
12
8
9
20
12
48
2
54
24
24
36
13
28
7
21
50
10
72
52
12
32
88
5
6
45
1
8
48
28
16
49
8
120
80
12
2
20
10
35
18
63
21
40
24
15
24
4
16
20
25
12
10
45
7
14
48
60
12
8
15
24
15
15
56
56
42
6
56
12
128
66
64
15
7
72
6
12
4
32
5
3
4
8
4
8
8
6
7
1
20
25
27
45
8
10
10
20
15
56
22
4
56
10
8
42
80
30
40
50
22
35
49
25
25
28
20
5
40
6
104
24
9
9
24
33
16
90
78
36
1
6
5
24
48
30
14
96
12
9
12
16
2
6
65
5
24
42
32
24
15
35
5
4
20
6
5
21
7
6
36
42
6
18
40
18
49
64
18
48
105
42
6
5
7
18
2
7
25
42
7
24
60
35
8
20
30
25
64
24
42
12
78
9
24
14
49
56
7
9
104
13
64
3
24
42
64
12
15
21
28
15
18
18
9
40
18
36
4
64
80
8
9
6
24
24
80
8
8
3
2
32
11
20
40
60
12
18
28
24
25
33
30
21
3
3
96
24
6
6
16
10
48
35
30
21
48
6
28
8
28
24
24
4
16
21
6
96
24
14
5
30
25
35
25
15
40
6
50
72
40
6
8
21
35
14
25
25
24
36
35
8
25
24
60
5
40
26
14
56
7
26
21
24
18
50
15
8
16
16
16
12
80
6
18
42
72
2
32
28
12
16
112
15
12
5
10
80
64
24
27
88
12
6
48
56
48
8
64
12
15
15
9
30
42
36
72
7
11
64
28
32
40
32
77
22
28
56
12
64
40
48
15
128
70
64
4
90
24
28
48
40
4
14
63
15
30
45
15
18
24
25
18
20
16
40
10
7
5
7
49
10
6
10
8
16
10
10
13
1
3
6
32
4
4
4
9
16
4
5
1
5
56
8
112
18
1
48
11
6
32
64
18
64
33
80
33
48
77
48
15
12
20
6
4
6
12
10
66
18
36
48
49
50
42
25
8
5
2
14
9
56
28
16
16
6
28
8
80
12
60
32
12
27
14
35
21
105
42
91
14
14
40
35
35
8
12
35
84
36
16
104
40
48
24
8
14
4
16
10
16
16
26
77
30
8
6
10
8
7
4
2
24
6
3
10
33
16
6
27
56
20
3
8
21
28
60
35
6
35
42
16
8
4
6
20
24
16
6
23
7
1
9
35
4
36
32
4
12
32
60
40
6
2
22
8
25
1
104
48
12
18
20
30
50
96
48
50
40
5
25
7
16
24
28
16
4
40
24
40
54
12
36
42
30
7
15
10
18
30
18
4
3
24
4
63
42
42
21
4
52
16
6
3
18
6
45
8
28
8
40
12
20
40
49
6
6
10
11
77
70
7
48
112
10
1
3
4
7
70
40
32
25
30
48
96
10
45
18
28
14
28
7
25
10
45
9
7
28
7
21
42
30
42
40
35
25
48
49
41
48
14
63
24
35
10
72
21
4
14
4
6
24
20
30
3
63
28
5
28
25
40
49
104
20
70
56
56
18
40
39
8
56
8
24
66
45
18
10
15
42
6
63
9
2
8
18
8
42
21
30
54
15
18
50
20
72
6
8
10
3
15
26
24
48
14
65
14
3
8
18
1
10
4
3
6
42
70
8
32
96
32
21
32
9
27
20
30
48
84
48
20
18
35
35
56
7
18
56
36
14
63
35
30
10
50
10
50
35
40
40
6
24
6
5
30
15
43
15
21
30
45
60
18
36
36
6
48
24
40
16
56
48
15
3
7
6
7
48
112
1
56
3
6
8
10
21
9
20
30
64
35
8
24
96
4
4
12
24
52
16
6
28
48
12
16
8
24
48
6
72
48
2
48
30
2
8
12
30
66
12
72
45
36
84
15
15
16
2
56
56
7
5
5
24
78
42
84
30
10
48
6
30
11
3
14
70
6
6
1
8
7
6
35
2
6
40
50
35
24
7
6
6
7
6
54
55
12
18
42
18
21
35
48
54
7
42
28
2
22
55
40
49
91
20
52
56
28
56
56
8
9
36
36
2
11
3
1
4
54
8
20
3
42
42
6
14
12
56
52
28
28
42
21
24
21
24
40
48
60
56
120
5
50
25
28
28
21
16
32
56
8
7
8
48
56
42
8
4
21
6
18
16
63
4
56
96
64
8
24
42
12
3
48
18
84
6
70
35
24
42
12
48
36
12
25
8
28
12
28
7
8
70
3
15
21
27
20
20
15
21
4
33
32
49
49
42
49
42
7
4
42
77
56
28
56
56
14
35
28
15
60
20
56
32
3
28
49
8
2
40
36
30
24
32
32
75
35
35
12
8
20
8
52
8
4
32
4
6
20
24
18
36
77
4
20
20
56
6
12
10
9
33
9
25
42
20
15
8
40
65
20
18
18
8
28
30
12
16
35
42
49
39
78
42
30
30
7
40
30
10
18
70
30
70
14
42
24
21
54
70
35
14
7
21
105
35
77
21
30
24
18
40
2
5
84
3
15
7
15
4
90
24
11
40
64
72
80
48
30
5
4
3
42
20
45
24
8
40
56
21
24
64
18
24
56
64
56
16
12
5
11
5
24
56
96
64
24
64
24
4
8
12
12
2
40
35
55
40
20
35
50
40
30
20
32
40
40
24
35
56
56
56
14
48
91
14
30
6
16
52
6
84
48
24
42
24
16
24
24
16
32
4
5
36
3
3
14
21
10
7
12
14
12
14
56
63
6
18
42
72
5
30
7
5
42
12
3
8
12
5
70
12
40
40
24
32
48
64
12
8
24
35
40
20
6
42
26
12
21
21
6
18
33
1
14
21
2
39
15
11
26
8
45
14
10
12
7
2
7
5
112
40
40
48
16
24
48
36
42
72
11
5
28
20
12
14
2
16
4
14
6
2
20
15
25
35
48
36
42
28
49
28
12
7
18
3
20
24
4
4
24
44
10
12
28
27
24
35
32
21
36
12
21
12
49
72
44
8
28
8
48
30
10
6
66
6
18
48
24
28
16
12
36
6
48
16
8
4
32
8
6
7
3
6
7
6
25
1
7
15
14
18
30
49
6
18
9
16
84
48
4
16
20
2
14
20
40
42
18
49
56
2
22
8
40
16
27
8
32
12
6
8
6
24
2
9
22
20
40
10
28
20
32
12
36
104
10
20
40
4
48
21
88
18
24
3
55
12
25
15
10
35
3
42
7
56
42
18
48
4
5
4
4
18
1
7
8
4
6
32
24
35
10
20
50
6
5
25
22
10
14
5
36
16
40
36
84
8
56
35
14
77
56
28
56
20
49
20
9
15
16
9
21
33
15
4
12
24
50
20
30
72
10
8
5
6
60
120
11
21
32
4
28
20
50
10
39
30
18
70
10
5
42
78
9
5
9
42
5
1
20
18
28
24
24
20
36
22
84
48
16
10
32
8
28
48
24
12
40
15
25
40
30
48
10
5
65
35
45
48
32
88
4
48
48
8
104
32
7
7
48
56
32
72
56
9
30
56
30
30
42
30
18
66
30
16
6
24
25
35
65
15
30
1
21
6
2
14
3
78
18
4
5
20
8
32
5
4
48
6
42
64
54
8
56
40
2
104
56
45
15
15
25
70
14
27
98
15
15
33
8
42
48
30
40
64
8
56
24
21
42
18
28
10
42
24
28
2
20
16
20
12
3
5
8
42
20
28
20
4
7
32
56
21
4
30
28
10
8
78
30
40
49
8
35
63
49
7
7
21
56
60
18
65
48
28
8
20
40
25
60
64
24
16
12
42
8
16
6
12
104
56
30
10
13
