0
0
0
0
0
0
0
0
0
0
0
0
0
0
0
0
0
0
0
0
0
0
0
1
1
1
1
1
1
1
1
1
1
1
1
1
1
1
1
1
1
1
1
1
2
2
3
4
4
4
4
4
4
4
4
5
5
5
5
6
6
6
6
6
6
6
7
8
10
11
11
11
11
11
11
11
11
11
11
11
11
11
11
11
12
12
12
13
14
15
15
15
15
16
17
17
19
19
20
20
20
21
21
21
22
22
22
24
24
24
24
24
25
26
26
28
29
29
30
30
30
30
30
34
34
34
34
34
36
36
36
37
37
37
37
37
38
38
38
39
41
43
44
44
45
46
48
48
48
49
49
49
49
50
52
53
54
55
55
58
60
61
61
62
63
64
65
65
65
66
67
67
68
69
71
74
74
74
77
79
83
86
87
87
87
87
88
89
90
90
90
90
93
94
94
96
96
98
99
101
103
103
104
104
105
107
108
108
109
112
112
114
114
116
116
116
116
118
118
118
118
118
120
121
121
123
124
130
131
132
136
136
136
136
136
139
139
140
140
140
142
142
142
142
144
145
146
146
147
148
150
150
154
154
155
155
157
157
158
158
160
161
161
163
166
169
173
177
180
180
180
182
182
184
184
184
184
184
185
186
186
186
188
189
195
195
197
197
198
200
201
205
209
210
211
213
213
213
214
218
218
221
222
223
223
224
226
229
231
232
234
235
236
236
236
240
242
243
244
244
245
245
247
248
249
249
252
252
254
255
255
255
258
259
259
259
263
264
266
269
269
271
272
273
273
274
274
274
276
276
278
280
280
283
284
284
285
285
288
290
291
292
295
295
299
299
300
300
303
306
309
310
311
315
315
315
317
320
324
327
329
333
338
338
341
347
349
351
351
355
360
362
362
363
365
366
370
371
379
382
383
393
394
397
397
404
404
412
416
418
421
425
426
426
438
438
442
442
444
447
451
451
453
453
454
454
454
456
456
459
464
467
469
471
482
483
486
487
491
491
496
497
504
509
512
518
520
525
530
531
535
536
540
544
546
546
547
547
549
554
560
561
564
567
568
570
574
575
581
581
583
587
590
591
594
597
597
600
606
606
610
612
613
618
619
623
625
632
633
633
634
639
640
645
646
648
654
665
667
670
672
675
675
679
685
686
689
696
697
700
703
704
706
707
711
711
714
716
718
722
722
732
734
738
741
742
742
744
744
747
749
749
755
762
764
764
766
767
768
772
775
775
778
779
785
787
787
792
792
795
803
803
810
810
812
812
817
818
820
820
822
825
835
838
843
852
855
857
865
865
866
869
870
871
879
881
885
885
894
896
900
900
902
906
911
912
912
915
916
922
922
926
932
939
942
945
947
947
958
958
962
970
970
970
972
978
981
981
985
989
990
998
1003
1010
1010
1011
1011
1013
1014
1016
1024
1033
1037
1044
1048
1051
1053
1054
1054
1054
1054
1056
1058
1066
1070
1074
1074
1074
1078
1083
1090
1094
1100
1101
1106
1118
1119
1121
1127
1127
1129
1131
1132
1134
1137
1137
1139
1140
1144
1145
1148
1150
1151
1154
1157
1159
1161
1163
1165
1170
1176
1176
1180
1182
1191
1193
1193
1196
1206
1206
1210
1210
1211
1214
1214
1215
1223
1227
1227
1236
1237
1242
1248
1256
1260
1260
1262
1266
1272
1276
1280
1286
1297
1299
1306
1311
1324
1331
1333
1335
1338
1341
1349
1362
1369
1372
1376
1382
1382
1386
1388
1388
1393
1399
1402
1409
1416
1419
1423
1434
1437
1439
1443
1456
1459
1464
1466
1466
1476
1483
1485
1485
1485
1491
1494
1499
1503
1507
1514
1520
1525
1528
1536
1543
1546
1549
1553
1553
1558
1563
1568
1573
1575
1580
1584
1596
1597
1601
1609
1616
1616
1623
1628
1632
1637
1644
1648
1650
1650
1658
1659
1661
1664
1667
1667
1673
1675
1683
1686
1692
1701
1705
1707
1713
1716
1717
1720
1728
1730
1735
1736
1745
1748
1748
1752
1757
1757
1767
1779
1785
1792
1806
1818
1821
1825
1832
1842
1844
1848
1853
1854
1869
1875
1877
1881
1886
1888
1894
1899
1902
1912
1912
1914
1918
1928
1933
1940
1940
1944
1946
1948
1948
1953
1955
1961
1969
1979
1985
1993
2004
2008
2017
2020
2024
2038
2040
2040
2043
2051
2054
2063
2071
2075
2081
2083
2085
2092
2098
2103
2110
2116
2122
2122
2126
2131
2137
2142
2145
2152
2161
2164
2164
2172
2177
2185
2192
2202
2208
2212
2214
2217
2227
2227
2229
2238
2243
2243
2246
2252
2256
2259
2259
2265
2269
2276
2286
2289
2302
2309
2314
2324
2324
2325
2339
2344
2348
2351
2351
2356
2360
2373
2373
2377
2380
2387
2389
2400
2400
2403
2413
2421
2421
2425
2429
2438
2440
2446
2448
2452
2458
2466
2476
2485
2486
2488
2490
2503
2517
2522
2522
2523
2529
2534
2534
2534
2546
2546
2548
2558
2558
2565
2569
2575
2588
2597
2601
2611
2611
2612
2617
2624
2629
2632
2635
2638
2639
2639
2641
2646
2652
2658
2665
2675
2675
2679
2688
2691
2704
2706
2710
2714
2718
2721
2724
2730
2739
2742
2752
2757
2768
2792
