19
12
43
17
0
3
37
16
18
60
53
51
42
49
55
68
36
3
58
83
81
1
51
83
2
2
0
54
4
79
6
10
24
68
7
102
46
13
50
1
12
24
122
122
95
113
10
104
142
42
0
54
29
8
18
8
47
155
3
58
92
44
45
72
84
41
21
45
41
53
68
49
87
104
82
84
165
105
117
10
145
148
164
37
65
162
156
99
104
22
18
67
156
157
104
174
79
153
165
70
183
124
140
32
10
71
168
176
22
10
125
142
58
118
28
179
117
178
2
111
36
12
139
14
2
10
111
112
199
221
177
26
37
65
180
210
22
187
207
82
18
67
221
226
169
161
36
29
179
212
10
24
122
145
136
21
62
237
46
130
26
189
259
43
45
163
9
168
195
22
198
207
234
70
198
234
265
2
112
226
1
57
129
192
256
260
44
162
260
46
66
117
130
178
259
70
198
131
142
181
107
19
66
110
283
31
129
262
272
235
53
94
219
268
82
177
268
297
8
155
158
83
166
256
2
112
49
87
174
207
234
240
68
293
193
32
58
68
122
210
202
288
225
60
220
13
249
116
263
174
265
306
168
264
257
104
145
215
301
45
163
171
263
196
11
261
3
95
143
79
117
328
31
262
135
316
237
257
328
341
36
172
247
259
170
234
265
266
171
335
222
219
18
156
191
12
43
125
208
131
210
262
291
62
253
255
103
303
363
307
7
16
66
262
291
185
212
60
70
289
60
74
271
376
222
245
359
202
315
148
179
258
353
19
22
147
187
234
3
95
338
68
104
142
186
208
309
118
210
220
261
32
39
201
287
107
263
289
323
376
142
148
78
39
47
219
45
163
263
335
53
39
104
125
208
281
363
384
388
259
260
278
250
104
125
140
142
199
208
363
384
390
397
141
233
268
297
17
46
117
130
259
283
398
10
129
192
226
262
272
291
372
26
228
260
282
41
172
51
106
341
44
162
281
384
89
2
10
36
111
129
145
221
226
251
272
291
406
8
155
158
300
300
415
136
253
296
53
102
293
340
340
419
330
143
338
11
261
337
181
288
315
367
379
29
234
248
19
381
236
271
43
45
136
253
263
274
289
323
376
389
418
343
315
379
429
166
183
199
226
302
21
60
255
301
332
203
27
104
281
384
397
400
410
36
93
225
247
352
50
125
138
105
117
178
216
259
262
205
370
174
249
306
321
325
70
198
285
376
389
350
148
271
292
432
395
0
153
196
336
68
92
160
173
83
97
28
55
88
104
174
184
194
354
58
59
203
210
314
440
284
102
127
419
164
179
209
119
113
144
28
60
212
317
312
31
262
291
342
372
406
81
100
58
63
240
308
9
195
264
246
81
100
469
268
297
298
212
375
405
259
260
278
282
398
407
189
262
291
367
172
408
255
99
240
302
422
437
266
50
125
208
443
7
237
62
131
253
255
365
368
481
61
64
104
174
194
208
458
395
45
163
263
335
395
478
123
148
117
178
216
225
442
444
84
154
165
177
208
210
225
229
442
490
495
407
438
4
115
465
154
496
194
316
347
140
199
267
400
32
148
212
271
390
449
466
53
173
396
22
29
207
234
248
265
430
308
71
76
204
96
262
344
301
180
229
366
71
370
445
446
237
257
349
166
302
29
154
83
106
301
332
10
79
125
145
208
251
363
397
400
413
343
434
156
181
191
288
181
405
476
329
96
509
107
289
389
102
127
74
104
271
377
432
449
72
145
164
179
183
209
462
141
401
60
124
520
33
1
57
103
270
237
257
485
148
449
503
133
135
194
225
316
347
500
57
270
26
228
384
407
417
219
294
448
18
60
67
239
266
317
465
483
60
317
465
485
535
539
549
271
328
71
150
370
445
513
376
291
372
178
495
32
311
388
24
124
140
142
199
203
208
384
400
502
18
67
191
104
145
192
272
331
145
148
179
353
377
380
390
503
532
261
386
428
246
472
26
104
354
384
397
400
441
546
43
192
272
406
519
210
24
122
141
169
213
244
251
401
124
535
12
139
224
564
2
111
124
199
221
226
413
437
561
12
139
340
419
421
461
262
367
32
246
503
566
71
174
446
513
555
188
154
496
499
239
61
70
183
198
266
487
142
288
440
459
12
43
156
181
363
522
8
122
154
438
496
499
586
43
263
569
119
178
463
112
280
68
104
127
173
309
384
397
400
441
452
567
340
419
421
579
6
10
24
122
203
251
478
573
124
323
145
179
212
249
532
564
50
138
443
41
168
204
408
166
302
436
516
225
142
181
288
390
400
429
440
590
39
388
397
478
493
44
162
208
281
384
397
410
182
123
494
248
80
265
174
234
265
266
325
357
466
504
74
80
148
179
377
380
531
564
618
3
58
95
599
99
168
185
240
264
327
482
67
239
244
587
26
228
564
148
494
23
209
462
328
553
8
122
141
213
363
369
573
592
288
440
459
590
23
244
623
626
22
127
187
597
8
28
212
415
465
13
174
249
321
446
583
604
3
579
599
621
3
58
63
159
460
470
490
21
255
296
418
439
21
47
122
131
141
169
244
365
393
486
573
632
580
233
273
19
110
242
290
381
431
521
642
329
524
108
391
487
350
448
548
112
305
310
257
279
328
613
105
219
360
394
82
236
615
66
522
591
391
487
652
176
205
296
643
17
501
265
357
210
487
572
652
663
71
76
168
204
508
513
104
186
417
546
76
508
37
65
118
180
210
229
385
496
592
100
469
203
440
459
125
208
363
397
400
490
496
520
592
673
19
22
147
381
514
261
337
428
77
123
148
390
494
503
564
616
625
26
260
407
497
136
253
263
323
368
389
418
433
643
416
181
288
476
522
523
102
157
192
272
362
563
8
28
60
212
455
465
604
638
490
642
649
677
322
480
13
135
321
347
18
67
191
460
562
641
220
360
386
659
21
255
439
643
63
240
308
470
482
641
100
185
287
310
362
375
388
469
656
674
691
307
554
271
328
432
449
531
553
631
45
80
395
618
620
3
58
118
159
203
210
314
385
440
459
641
673
676
262
291
344
367
479
509
526
501
666
314
705
307
370
555
180
229
511
181
288
395
429
440
491
610
633
36
178
225
247
316
352
442
495
496
559
592
673
677
225
316
417
546
609
671
712
77
574
684
28
291
455
692
66
131
365
486
644
662
240
422
482
622
291
715
154
496
499
586
592
105
293
309
475
597
658
79
117
340
263
323
376
389
433
447
688
79
117
178
283
340
579
723
124
231
603
17
46
666
707
32
39
201
208
384
388
393
397
493
611
612
57
270
544
50
605
287
346
388
701
60
74
317
376
377
389
447
465
531
549
551
620
724
104
186
671
10
122
208
520
592
175
363
9
99
168
204
264
327
471
482
607
622
4
60
115
465
498
692
737
215
331
82
177
227
236
268
298
68
92
452
10
208
520
536
734
289
475
528
722
362
499
691
701
263
274
323
389
433
688
724
301
332
365
444
510
518
7
102
127
485
529
281
397
612
45
288
395
491
633
704
711
749
80
377
395
564
618
620
704
363
450
735
273
646
683
36
212
222
503
14
225
316
712
713
203
499
561
592
746
124
199
231
603
726
10
143
203
426
600
170
355
233
273
646
683
754
169
244
573
644
6
10
122
145
203
251
413
426
459
520
600
760
319
323
433
603
759
168
264
327
465
498
622
737
738
16
66
258
291
372
380
557
7
127
395
491
711
749
751
66
591
662
716
768
176
205
445
555
172
352
408
442
480
139
148
179
380
564
575
620
156
181
522
591
241
543
117
119
178
216
444
495
594
613
695
241
776
42
86
152
438
497
686
265
312
325
466
504
619
615
661
83
97
106
212
375
453
476
518
666
707
727
36
93
222
378
442
755
148
212
449
503
541
604
692
755
788
26
228
407
546
45
492
105
178
301
444
510
748
265
357
667
34
220
319
765
100
157
192
362
691
701
746
758
554
702
121
212
503
755
789
85
259
262
293
309
444
475
528
722
745
485
539
551
172
322
480
695
150
370
445
513
555
12
26
43
260
363
407
497
591
686
782
24
68
122
173
251
314
452
573
597
600
705
708
220
319
360
386
565
698
208
213
303
363
369
573
632
104
174
184
186
194
306
325
384
446
458
490
500
677
693
21
169
255
296
332
372
418
439
481
486
643
699
256
277
304
183
437
577
588
262
288
315
367
429
494
581
59
116
203
322
365
440
459
676
705
748
494
616
289
376
389
433
29
154
430
517
592
737
12
43
139
208
263
363
407
497
522
578
591
593
662
806
809
6
122
478
493
600
764
202
379
19
242
290
647
181
288
522
690
775
503
541
60
317
465
549
551
732
79
117
340
723
725
51
106
409
21
255
291
372
439
557
643
699
768
811
233
646
178
594
613
778
68
102
127
187
309
384
529
597
637
749
116
193
310
322
815
1
12
103
139
224
538
575
314
705
708
807
663
668
357
667
233
297
402
646
831
241
776
58
79
196
336
451
725
53
173
293
419
461
505
579
722
60
317
332
439
465
549
551
732
811
826
100
193
310
656
701
796
28
262
291
372
406
467
715
719
140
199
203
400
459
499
502
561
746
758
764
2
267
502
561
118
210
262
367
385
581
673
705
814
47
158
415
124
199
561
577
62
131
169
244
255
287
365
368
486
573
644
716
763
771
346
731
76
508
672
23
239
244
587
623
626
634
644
155
415
422
3
58
79
159
196
311
641
705
843
148
179
228
380
564
620
624
774
18
67
239
549
162
180
229
281
511
710
362
796
182
614
168
264
327
622
737
767
819
7
237
257
349
485
515
27
170
384
410
441
104
186
271
377
384
531
810
262
291
372
406
467
847
7
70
198
266
371
588
354
384
546
567
1
103
303
369
809
7
198
371
485
749
870
207
307
554
702
797
24
122
140
164
179
183
462
532
588
813
7
60
257
485
535
539
551
801
866
153
196
451
142
208
226
384
400
561
708
850
314
400
439
708
881
279
417
546
613
657
671
713
832
99
100
185
375
701
796
846
124
241
316
347
500
535
543
574
776
780
210
367
400
850
881
882
79
192
520
563
182
614
54
114
415
39
47
169
244
393
573
644
763
851
853
311
560
66
110
117
283
290
404
647
768
771
82
236
271
432
660
480
695
803
45
395
450
704
751
753
106
248
430
617
322
695
803
51
83
106
248
617
898
440
459
590
633
60
67
198
265
266
483
549
118
210
385
572
663
668
673
705
838
850
106
898
901
10
104
145
179
186
192
215
331
384
563
810
868
887
102
127
157
192
461
691
796
27
170
355
441
867
32
148
388
449
503
541
560
566
582
789
537
24
122
154
251
496
499
520
573
586
592
600
721
734
807
2
112
280
305
595
274
439
747
882
51
341
409
184
354
458
810
872
68
122
314
807
32
100
131
201
287
346
388
701
728
731
796
846
884
32
503
582
909
499
592
758
123
367
429
494
616
685
814
136
688
16
66
257
258
328
353
372
380
564
657
768
141
401
573
234
265
266
328
341
350
357
618
619
752
10
36
93
226
406
413
442
788
155
422
718
858
33
239
537
911
166
240
302
437
482
577
622
718
813
63
470
117
178
216
444
495
778
9
264
434
521
642
649
376
389
447
556
724
732
262
291
372
406
467
726
847
869
10
79
208
520
563
725
734
744
843
887
274
332
439
708
811
845
881
882
914
223
260
282
165
197
83
97
212
375
405
453
476
523
604
692
786
789
884
8
154
213
415
496
499
573
586
592
632
638
721
809
912
161
222
245
359
378
251
68
154
173
452
597
807
235
271
292
449
503
237
257
258
279
328
380
539
553
657
768
883
925
617
898
2
111
221
226
400
413
577
881
882
886
18
58
284
460
470
641
697
475
722
745
800
61
183
198
487
588
663
26
186
225
300
417
546
567
609
613
657
671
713
883
105
259
262
293
309
444
658
722
800
23
626
634
857
124
199
535
543
551
574
714
759
776
885
540
322
695
779
803
899
8
114
155
158
300
415
889
259
353
380
398
404
308
507
700
194
500
810
501
666
707
900
74
377
231
291
726
759
939
207
307
370
555
709
875
58
311
560
843
859
892
94
219
294
394
448
548
659
154
438
496
499
586
592
721
782
912
946
271
377
531
868
59
301
365
459
510
748
792
815
853
121
789
798
175
208
259
262
363
444
450
735
753
800
809
820
963
371
874
233
646
831
841
77
574
684
714
10
122
251
949
502
561
849
8
638
692
33
67
239
537
623
932
59
116
193
322
459
695
815
834
984
280
595
913
265
328
341
350
553
618
653
915
928
954
68
154
592
818
950
84
165
177
197
227
496
592
673
677
712
742
105
178
259
262
291
363
367
398
404
444
475
479
658
706
722
735
745
753
792
800
960
963
970
986
