1038
2531
2428
2276
4012
42
3627
6271
7223
4848
11637
1400
7809
5420
833
32
5519
2502
6429
7164
126
5130
2402
5128
6408
156
11162
4564
7674
3930
31
4186
7947
7532
3390
36
9145
1838
312
2760
82
3984
1236
9634
1206
5487
1558
7059
343
2242
2531
4436
371
10606
972
2389
57
6510
15960
4440
19640
8068
2389
4673
2840
494
8028
9839
14181
420
6776
5142
1025
296
9186
456
11903
5574
3302
11052
3255
4006
3707
3948
3677
4602
4258
571
814
3244
273
644
3065
732
2255
2226
2302
4327
792
3522
10242
408
6507
4896
16831
9874
8709
2354
2065
110
3105
1238
8777
1005
3630
1613
7550
6907
1596
7418
484
2094
11863
4952
6365
2519
127
9310
774
2962
4026
7536
1064
1897
945
6254
5055
414
658
12088
1722
10810
7435
5933
2637
7607
588
2188
7977
450
1862
760
196
3498
9322
7128
5302
5416
8244
539
415
1638
3360
1680
3046
8688
7599
1176
7599
2332
3767
2883
9631
897
10593
2144
5627
14967
15444
5628
12229
11431
10045
6108
1747
6881
5117
2951
3096
4030
573
4791
7512
6408
10696
4364
5380
3442
13968
3967
1608
980
9093
10791
7012
2746
621
3331
11096
9801
27131
212
8459
3593
645
7280
1915
1090
1314
15453
6186
2062
7610
3053
2920
16845
10362
1802
3411
5428
231
3078
1631
14060
6106
2059
9952
7962
717
8470
5896
3673
3592
1664
8495
9786
9103
1577
9050
6870
4706
4903
759
7569
2040
11573
4364
9870
3147
13459
10679
7941
13937
4242
9214
13229
10110
2507
5214
1080
3375
11428
6058
5185
9168
276
2216
1820
2550
4130
2350
6522
10133
10810
3269
1785
861
5700
10850
3552
11574
17906
2539
10449
10283
888
8151
4868
8131
1200
4653
4668
7645
4282
5895
6618
1177
15260
10340
7416
2168
17938
3120
2198
12586
7122
6615
1773
1276
5158
963
6846
9398
10898
650
4977
2616
4100
6484
5742
2875
6484
2847
668
1005
2594
2333
3207
1878
340
8240
14991
2936
5200
5984
346
8528
4852
349
3416
10273
2112
8383
11706
10995
7335
2142
5402
890
2994
5222
2238
8159
18871
1825
8445
2348
13367
5783
14086
12007
15889
15678
1122
1875
8125
11318
17802
7323
5951
8284
3977
383
576
11916
4004
10249
388
9134
12808
1118
4833
1811
8224
3910
16034
3612
7645
6943
5208
8614
5120
9661
3232
4598
2314
8023
10536
2711
5354
6301
1454
1652
7686
1660
9441
8022
5046
5810
8680
842
3006
11086
5378
2550
1278
3528
2140
7798
5604
4543
1376
6862
15670
7276
2136
5574
14686
11740
11484
9361
8732
7138
5594
9861
8527
4761
1770
7406
13120
15619
8439
5391
5872
2275
2483
914
3430
9552
8075
6824
3436
5987
1768
3370
15550
6578
4220
3283
3119
12606
4516
2428
2358
4132
9740
6996
6492
7014
5498
5863
4428
13156
7004
3483
4933
7984
9120
2934
4245
8966
2488
6172
7218
17020
8853
18114
14022
7077
18144
4262
7170
16207
13911
8805
3538
4883
3512
3915
6252
5586
5032
4471
8374
1879
4088
2887
6601
5177
2704
13903
8586
6381
5600
2955
2104
3499
528
7006
2632
531
15257
7958
5082
3210
9426
5336
9574
2703
5232
4214
8238
3117
14408
1809
4368
9639
548
8133
6092
2755
9553
2765
10073
6438
8860
6541
5401
2236
4096
5802
14013
2891
15799
12599
5646
10609
10752
2276
8124
3649
3900
7299
8003
10285
6126
4616
2929
4671
10253
3551
4904
15570
8510
3096
2930
4127
9072
12596
1180
5710
8780
25090
6654
10154
10939
1791
7929
1797
9167
12157
2408
4824
9020
5992
10798
3035
4365
4611
2648
7088
12116
4398
10274
12058
13538
13008
10971
6902
7758
16673
3179
12800
16788
9214
9244
4397
3140
1887
4410
2101
4190
20056
6473
10239
1272
637
6690
11877
4928
9271
14076
6539
10349
18102
2519
4401
3338
4543
10171
3612
4239
7206
8528
1310
7696
7520
9839
12984
4242
6523
6914
8804
9083
5894
3708
14736
10432
15988
3660
3355
9408
1962
8957
3306
4732
5225
2366
3395
7794
2043
3076
2224
5072
5025
11515
8532
2752
6430
8166
6955
11379
7836
3453
2085
12376
2266
2451
3290
9072
8779
22585
17436
8608
8865
7326
5441
12303
6384
11510
1254
6546
9951
9238
13800
8068
13839
718
8664
8560
721
5853
11191
7254
4403
16834
15036
7757
11305
5342
9234
7837
7575
2763
13927
10280
737
17117
13671
7216
4446
2226
4592
7473
5738
7231
10820
2639
10680
2436
2115
12441
13029
12095
6535
5461
2271
5161
10708
8546
4675
8182
11564
9863
14264
7900
11259
6794
6838
770
6840
8048
4101
5125
6932
4550
11114
3112
10009
9714
7021
1260
10415
1568
15590
5438
10745
6124
6261
8708
2562
7516
8688
6196
3320
9156
14386
12008
8117
6030
27647
11767
6424
12745
5653
2418
14192
8608
6940
13533
12900
11762
5548
9508
13493
14372
6770
7210
3083
5970
16881
10332
3270
4430
7363
8492
3674
6636
5855
9606
5817
4862
12972
10470
8484
7532
5859
6496
8209
8208
5046
9482
3013
10233
9688
7371
9647
12428
13509
9851
12526
2802
7024
14047
6704
2568
2802
16256
8866
9080
9810
6578
5890
9090
5606
11126
6640
7583
5492
7264
11861
4360
8207
8118
7846
6412
7141
9524
14362
7968
4405
19035
17904
10522
11952
19271
14828
17639
6972
10615
9486
6244
8123
10946
8246
5376
10917
5694
13759
4296
10207
18900
2667
7083
7260
9032
12713
4088
8653
7152
4555
5636
10128
8414
11512
7534
7336
9327
8857
11837
1842
4598
9538
13186
5687
8118
2781
2566
10123
9170
4655
10078
12324
12227
7608
5754
2851
8908
5799
7062
11703
12728
5387
3869
4176
10696
12189
8793
7592
2891
12039
7251
3812
1908
5342
2868
7815
7689
4795
12154
11373
7533
16839
15379
7365
17186
2901
3445
7314
7974
8470
4660
5645
6462
6529
976
1427
15181
10607
8256
8710
11310
1966
8564
12653
5225
19259
10880
8093
13390
7652
6986
8091
9239
8078
2588
13611
13002
8306
22345
