0.5
0.33333333333333
0.25
0.25
0.2
0.16666666666667
0.2
0.16666666666667
0.14285714285714
0.125
0.16666666666667
0.14285714285714
0.125
0.11111111111111
0.1
0.14285714285714
0.125
0.11111111111111
0.1
0.090909090909091
0.083333333333333
0.125
0.11111111111111
0.1
0.090909090909091
0.083333333333333
0.076923076923077
0.071428571428571
0.11111111111111
0.1
0.090909090909091
0.083333333333333
0.076923076923077
0.071428571428571
0.066666666666667
0.0625
0.1
0.090909090909091
0.083333333333333
0.076923076923077
0.071428571428571
0.066666666666667
0.0625
0.058823529411765
0.055555555555556
