64
34
170
101
114
131
59
85
85
138
13
133
41
52
157
84
66
29
45
72
53
165
98
178
178
135
202
168
218
1
81
74
74
34
34
94
16
36
49
27
37
77
75
80
85
10
90
69
101
106
10
52
143
33
50
64
157
119
14
58
19
105
25
36
16
18
105
4
173
41
209
16
26
40
150
103
75
58
100
97
77
73
57
80
17
148
1
49
1
4
130
64
50
74
35
113
91
98
162
49
88
217
50
117
61
37
74
68
109
52
100
128
65
54
9
66
58
80
253
169
45
64
70
51
114
45
20
146
75
41
174
89
41
109
83
138
29
73
98
151
85
64
66
68
49
49
149
40
9
42
80
68
85
179
64
42
149
35
65
29
66
73
21
9
104
146
65
138
83
149
113
203
101
56
88
83
64
41
25
89
49
68
108
68
209
121
134
75
49
49
68
52
88
62
118
89
93
65
202
50
20
58
131
53
1
136
94
19
89
76
13
65
10
25
90
117
1
62
240
146
100
74
170
70
40
132
66
152
126
20
47
66
37
198
61
73
76
74
36
44
97
108
82
29
53
101
192
127
50
68
13
82
67
122
36
135
10
85
174
9
88
17
47
5
131
210
36
30
36
138
113
113
121
113
50
30
110
20
5
78
39
64
125
36
4
25
268
80
21
72
166
239
26
52
114
30
66
81
50
49
26
16
163
10
26
68
99
67
69
90
17
49
116
90
34
25
117
74
46
25
90
37
105
62
75
128
145
1
73
105
52
38
45
137
110
74
148
40
100
50
218
95
21
59
127
20
113
70
128
65
35
25
99
263
149
1
14
8
37
62
66
192
25
61
25
91
81
126
62
65
70
105
149
5
106
177
9
274
16
88
50
78
69
119
72
56
82
144
54
29
38
11
93
1
26
115
23
58
34
41
34
34
40
72
1
68
5
69
74
108
167
45
132
53
66
20
107
50
74
181
104
34
1
4
4
64
85
148
74
40
154
150
6
179
73
80
129
61
74
175
45
145
187
40
223
61
20
76
13
49
49
20
34
32
27
138
89
27
64
85
16
68
68
138
61
20
49
113
74
126
87
50
65
78
109
16
14
69
54
74
113
129
31
65
133
150
100
103
50
70
170
26
97
83
189
28
26
73
59
130
91
8
25
187
41
62
166
114
120
4
1
99
105
194
90
21
115
143
124
101
61
174
58
178
34
127
121
2
56
36
31
34
20
101
68
90
50
102
9
184
99
13
35
83
54
90
106
57
90
73
64
65
43
49
50
22
17
65
1
85
70
84
169
145
29
36
33
80
11
69
81
55
95
129
20
78
80
129
83
181
90
85
109
61
141
16
1
17
25
98
75
138
22
148
64
9
75
4
30
16
73
25
9
13
126
17
38
65
53
1
99
44
4
129
89
16
36
29
144
164
13
18
49
66
65
12
49
154
150
167
65
43
151
114
62
77
52
64
59
162
61
126
99
118
93
73
78
11
151
18
1
40
128
29
108
104
68
40
101
171
143
36
93
109
52
77
9
54
1
61
54
167
4
91
30
82
20
37
91
121
16
51
68
21
109
30
101
26
86
163
43
49
69
58
16
100
153
25
65
29
34
162
16
64
84
80
141
35
41
84
149
74
51
64
147
191
109
35
90
178
102
45
58
151
45
49
62
74
115
63
114
73
89
50
122
5
50
80
54
41
57
86
116
132
9
25
4
94
36
105
4
145
76
103
70
131
70
104
41
147
98
106
104
52
16
64
10
100
77
133
78
34
73
50
105
20
36
125
34
117
217
84
142
85
37
58
99
2
165
89
98
76
63
1
44
1
86
77
80
230
65
170
57
73
64
84
109
5
25
13
143
146
109
41
59
166
123
42
13
84
68
8
124
13
135
83
65
84
90
133
74
117
152
73
106
25
20
68
134
89
17
36
89
17
101
27
4
61
50
73
145
98
25
13
61
68
41
113
133
36
18
32
50
100
105
159
117
114
25
35
17
89
58
109
216
55
81
74
75
46
100
27
36
45
47
16
17
66
47
2
19
75
105
213
62
61
84
86
83
103
111
49
111
119
290
26
154
32
104
9
4
129
52
125
74
38
90
94
49
4
123
62
65
5
191
72
66
121
65
64
100
130
160
13
55
71
50
74
98
207
33
137
102
67
25
120
85
93
110
110
74
85
41
16
72
9
9
201
35
62
10
86
100
100
92
2
37
29
207
82
124
148
149
55
116
51
81
35
108
211
13
113
119
81
85
25
155
53
78
23
4
32
21
81
4
10
74
254
25
89
