5
42
49
49
12
18
56
24
30
8
32
8
55
42
30
52
45
12
18
18
15
91
84
55
12
66
36
3
60
35
21
3
12
18
60
78
63
30
54
7
24
20
3
60
42
15
42
49
5
24
30
15
16
40
21
8
40
80
24
40
56
54
7
18
42
48
88
48
12
5
14
70
12
30
42
8
56
60
8
24
4
91
42
15
10
2
6
14
2
35
1
49
4
26
72
16
32
33
30
12
14
48
7
10
2
14
21
24
35
28
28
12
16
35
60
30
8
16
18
42
3
21
6
55
16
45
35
84
7
8
78
35
35
28
4
42
42
12
20
6
2
64
32
48
24
12
80
14
56
24
20
20
10
2
20
44
4
12
6
6
78
48
32
8
4
12
64
6
28
20
3
60
49
56
40
4
32
12
66
18
3
6
70
9
54
16
24
27
12
4
6
8
6
96
6
5
64
15
64
18
9
80
42
2
66
30
20
40
12
4
16
21
56
42
8
8
12
44
9
3
18
6
21
27
6
48
56
30
16
2
16
14
20
12
6
35
21
18
14
3
28
6
42
28
20
10
25
27
4
10
8
4
35
40
8
15
12
4
12
14
6
21
30
16
36
16
22
16
104
10
14
20
10
12
7
49
6
24
28
8
20
5
60
16
30
4
12
52
20
42
32
112
1
12
11
4
12
10
40
32
40
2
28
8
28
2
8
7
45
24
60
24
9
30
24
48
52
24
28
36
91
30
16
64
64
3
24
30
10
7
50
25
8
10
70
5
10
16
20
8
5
4
40
8
20
8
72
65
60
24
2
6
30
10
4
4
32
24
16
2
45
18
8
80
36
56
63
56
36
18
4
4
7
56
12
48
56
25
56
96
20
18
24
20
2
5
21
28
14
63
14
64
80
112
25
12
21
32
48
66
63
48
4
3
30
9
14
8
26
52
28
32
9
10
15
6
14
48
48
5
40
3
20
21
8
12
63
12
7
2
5
10
18
54
24
80
84
56
6
1
72
7
3
2
56
91
16
6
3
16
6
80
48
40
18
24
112
24
48
4
12
32
10
28
28
64
4
5
10
18
12
40
4
50
48
48
24
4
56
48
48
4
10
30
16
15
4
32
12
6
12
6
7
32
40
7
91
8
15
18
28
24
5
36
3
60
48
10
2
32
20
10
25
16
20
24
49
84
90
48
6
42
42
10
30
4
28
8
20
24
12
12
35
20
42
16
66
42
24
15
25
24
24
88
18
48
32
44
27
78
16
104
2
30
10
48
35
28
24
12
24
12
42
18
42
5
7
48
12
24
42
40
4
30
56
32
1
24
40
4
14
24
49
56
6
24
91
24
3
18
21
78
28
35
14
16
54
54
12
9
15
1
6
15
15
84
16
6
8
32
24
10
4
10
8
14
14
3
30
8
32
28
4
18
9
18
18
8
91
40
3
21
6
9
12
18
18
9
2
35
8
7
77
1
4
15
32
21
18
35
77
18
10
8
18
72
7
56
63
32
10
8
20
18
8
7
14
14
35
18
18
40
36
12
9
15
15
14
24
16
40
65
12
20
18
21
42
21
2
10
26
24
16
48
15
35
8
64
40
42
9
12
60
10
32
8
22
2
40
112
49
28
14
8
56
10
42
20
24
1
44
30
28
20
16
40
70
10
32
40
14
25
40
40
30
66
3
40
25
9
40
8
3
56
20
45
40
36
28
24
8
20
8
4
3
48
40
8
24
16
8
8
49
35
8
7
49
49
77
6
12
36
20
10
16
6
30
36
12
4
16
40
84
42
9
72
12
15
28
16
48
40
32
10
30
6
8
9
88
8
6
16
50
96
12
4
12
8
3
96
22
78
10
30
8
14
36
16
56
12
4
1
1
12
5
30
28
44
12
20
49
28
60
35
63
32
44
32
28
6
55
105
5
60
42
49
49
84
32
12
16
35
14
64
8
24
10
11
32
16
42
42
14
7
56
16
72
18
42
24
4
7
24
16
2
3
2
12
2
25
16
24
44
33
15
8
7
11
5
9
3
66
18
15
12
42
28
28
21
4
36
8
8
21
21
28
24
24
28
21
20
7
16
7
20
10
64
18
21
28
40
56
4
8
12
9
42
4
10
35
48
24
24
1
9
9
24
35
42
70
16
4
20
6
8
30
28
42
45
63
25
10
35
42
49
63
14
4
24
7
12
66
21
24
21
32
56
36
21
24
56
7
24
11
7
4
3
6
8
54
6
4
6
4
8
7
5
15
4
4
8
24
56
11
6
56
3
72
24
15
36
18
32
18
30
50
56
20
16
8
72
64
16
33
8
20
36
16
16
64
80
64
1
3
7
8
40
16
6
32
56
16
24
5
10
14
12
6
14
4
4
5
14
32
12
18
28
32
8
28
30
25
70
60
56
4
49
49
6
63
9
56
15
21
24
12
56
56
4
16
7
112
14
104
1
8
55
11
14
48
12
15
70
30
32
30
72
55
42
48
5
18
48
36
32
50
40
32
24
16
24
9
24
15
27
8
32
40
32
42
30
5
4
30
40
30
18
24
12
30
49
36
35
18
35
12
40
10
8
12
12
10
18
48
12
9
6
12
48
36
18
42
2
8
16
32
28
4
10
10
16
4
14
32
2
12
4
18
12
15
27
9
16
16
32
4
24
30
32
4
28
14
2
26
24
36
18
12
28
12
21
16
6
63
32
18
42
15
40
6
10
14
21
15
16
9
18
21
5
40
28
25
40
40
49
7
70
6
21
7
6
16
96
60
65
5
8
8
104
78
30
32
55
32
3
21
5
18
9
30
16
16
24
21
64
40
27
3
12
12
3
6
6
9
18
78
21
6
5
52
28
16
42
24
56
22
16
54
48
30
48
50
20
8
4
9
27
20
42
36
35
12
12
49
42
12
56
98
56
7
42
20
8
30
4
32
32
15
42
91
10
49
21
42
6
12
24
6
60
36
12
6
54
64
40
56
16
26
64
21
18
60
35
24
1
7
2
6
3
3
56
36
28
7
4
56
91
4
56
21
7
84
16
3
12
2
4
28
5
6
120
56
32
5
8
21
7
24
21
8
18
28
6
2
12
56
20
24
20
30
8
48
28
8
4
20
32
26
8
2
4
14
8
6
13
84
5
98
14
54
35
28
70
6
14
12
5
10
40
20
10
77
7
7
4
3
49
35
1
48
18
60
20
12
10
66
40
33
9
18
6
24
15
15
27
15
21
33
9
24
9
25
25
24
50
15
35
16
42
35
10
6
30
14
15
5
24
3
4
16
48
7
12
40
24
20
18
24
52
40
5
11
3
8
12
72
55
40
64
49
8
9
18
2
10
32
12
10
4
4
10
25
45
7
7
13
7
60
8
35
78
12
104
8
49
8
16
8
105
9
40
6
9
30
4
32
12
10
8
42
21
7
28
28
28
12
10
8
35
28
8
7
32
44
8
25
30
10
54
24
12
12
12
18
40
25
20
64
70
25
10
25
80
24
16
72
56
40
24
12
8
12
10
36
60
56
30
30
42
48
12
6
20
12
3
20
15
12
4
18
9
24
28
26
4
9
12
56
10
7
44
11
7
12
28
7
28
5
36
84
8
14
21
24
24
35
35
21
18
21
18
21
36
104
40
70
56
21
28
14
2
56
21
12
20
70
21
7
48
21
12
18
12
35
5
6
35
5
24
45
40
48
35
56
14
40
14
49
42
70
12
16
9
14
18
2
18
30
24
66
15
24
21
49
14
21
42
42
21
21
10
30
3
14
3
20
8
55
75
7
77
4
3
1
7
1
7
4
12
11
3
1
42
30
6
15
16
30
56
96
16
56
24
48
64
3
12
3
36
9
48
49
21
16
96
12
24
5
8
40
10
27
12
35
16
4
55
6
4
27
15
28
20
24
32
24
40
20
8
28
28
20
12
24
28
24
49
14
3
63
4
24
40
28
64
56
16
20
48
16
8
8
63
27
15
96
40
64
18
48
80
42
40
8
8
8
2
14
55
12
4
8
14
14
16
12
7
35
2
35
14
72
27
36
18
6
9
24
33
28
12
56
15
56
6
24
18
12
16
24
12
80
15
15
30
14
28
105
35
98
25
16
1
8
16
5
8
8
20
5
88
32
30
72
12
8
20
4
44
4
64
48
56
32
66
20
36
12
21
24
14
21
36
21
49
28
70
10
50
42
30
25
55
20
6
7
14
14
32
24
28
32
16
16
36
10
24
4
16
10
64
24
30
48
40
4
35
20
20
14
4
24
16
24
88
2
56
28
28
4
112
63
7
24
15
8
8
8
44
10
16
2
36
4
2
16
16
96
20
10
10
70
40
4
4
18
4
64
16
6
48
42
54
6
35
14
28
14
14
14
91
56
6
4
104
56
48
32
11
104
16
25
27
15
3
10
25
9
45
9
6
78
28
6
16
36
42
2
9
6
16
39
8
4
4
24
2
30
9
27
40
35
48
15
10
40
42
54
42
10
30
48
15
72
120
7
28
7
24
56
32
48
32
32
64
21
105
21
9
3
2
24
28
4
42
24
21
48
6
2
28
35
16
28
8
36
50
24
15
48
56
28
32
20
24
16
28
80
12
28
20
16
36
32
21
5
24
6
7
42
13
8
14
16
12
48
18
48
12
9
54
30
6
16
56
36
48
42
48
48
24
72
3
36
54
42
5
42
6
3
21
40
36
16
12
15
21
7
49
21
14
7
7
48
64
21
35
30
6
80
21
10
2
30
16
12
30
30
8
2
3
10
2
16
4
15
20
49
14
7
32
8
28
56
28
4
25
33
6
5
10
35
12
14
16
70
8
12
9
52
40
27
15
24
30
18
16
12
54
20
18
10
14
15
4
18
45
52
32
8
20
4
36
20
20
14
5
40
2
2
28
32
66
36
12
20
12
78
6
6
8
24
28
42
14
56
7
22
8
56
72
54
72
42
12
56
40
18
18
48
60
4
45
32
48
4
4
16
16
16
72
64
40
84
84
72
20
8
6
24
15
30
6
12
60
12
52
30
25
9
5
4
8
8
24
12
66
36
12
3
10
60
1
7
56
42
64
24
72
24
16
8
16
64
21
28
4
32
18
24
15
18
28
66
28
64
52
12
28
64
8
104
32
70
40
8
12
22
14
14
12
6
15
27
9
40
8
30
10
20
50
10
15
32
44
96
24
24
80
56
40
64
48
7
3
11
3
88
42
8
49
42
14
1
60
2
30
32
10
6
24
6
24
8
32
14
12
21
9
15
8
3
8
18
33
1
15
8
5
35
56
35
14
49
35
21
28
1
42
10
6
42
72
1
42
12
24
56
48
44
24
88
24
42
48
24
20
42
12
90
54
12
10
15
25
10
25
15
5
15
7
56
9
24
7
27
8
40
4
12
24
63
5
42
30
12
18
9
28
12
4
32
12
16
20
10
10
48
36
28
4
6
6
30
15
1
7
42
24
42
6
8
2
30
11
12
8
4
5
3
1
6
4
20
4
4
14
12
27
14
49
12
15
56
49
8
28
12
18
12
12
24
12
12
3
3
9
12
6
25
45
35
40
9
35
2
6
16
14
20
42
15
56
42
40
30
90
64
56
24
72
36
35
5
12
32
60
28
6
30
20
32
28
24
16
28
16
48
16
60
32
30
18
39
13
18
21
12
4
4
42
6
12
40
66
25
5
5
1
8
25
12
66
24
3
6
32
18
15
32
36
24
60
20
14
12
8
16
1
7
12
9
36
15
9
24
40
5
30
35
30
21
48
104
36
56
56
24
54
49
63
88
40
32
36
18
3
5
5
3
7
5
35
48
30
10
49
10
4
80
24
32
2
24
14
72
48
8
16
6
16
16
56
56
8
48
16
40
32
18
12
18
18
42
42
40
15
14
3
8
3
7
77
35
56
8
40
25
15
50
30
5
40
16
4
6
18
20
8
24
2
21
2
48
20
55
36
2
40
35
20
4
18
12
24
16
15
12
14
6
15
30
10
56
55
49
35
8
35
13
5
8
8
5
4
56
56
48
20
4
8
20
7
4
7
84
6
13
20
7
54
14
8
20
14
2
12
28
8
4
48
10
18
56
24
24
48
16
24
20
12
16
40
4
20
20
8
16
10
5
32
16
104
64
24
63
8
9
28
42
21
70
12
30
28
40
8
6
12
60
4
9
3
10
30
35
5
50
30
48
35
48
15
6
50
7
14
12
3
6
9
12
14
2
16
105
32
14
64
40
24
35
77
70
8
12
4
5
32
12
4
28
3
33
72
64
12
14
49
14
84
18
14
25
4
40
24
45
10
4
8
5
56
12
8
20
18
16
2
56
48
20
18
18
12
16
3
24
12
6
2
40
14
16
8
20
16
16
24
8
8
49
32
28
48
7
4
16
4
48
56
16
42
40
28
54
36
12
15
50
30
5
15
24
16
90
6
55
35
20
40
10
8
20
20
8
21
14
12
28
3
33
28
21
49
27
9
15
56
98
15
24
12
60
4
2
3
30
7
12
32
20
28
7
42
24
25
30
48
10
5
30
9
6
21
42
6
35
42
56
30
48
16
40
104
40
12
48
84
48
48
5
28
14
10
25
42
3
35
14
12
3
20
6
3
1
4
4
2
7
12
54
40
30
48
24
16
42
30
48
28
78
18
104
84
42
35
24
3
18
3
33
6
33
6
4
9
21
7
28
14
105
75
4
65
28
35
49
70
7
35
40
91
56
77
21
48
7
24
35
56
27
18
24
6
30
21
9
18
24
12
48
36
42
42
66
7
35
30
8
8
40
6
32
22
55
8
10
14
10
16
8
48
6
10
24
30
6
6
6
84
18
48
42
70
56
24
42
30
6
49
30
28
7
49
64
9
30
3
18
8
64
72
24
12
48
24
21
30
36
6
3
40
64
96
8
8
40
60
30
12
24
18
14
1
45
6
4
22
6
15
6
14
16
66
45
70
14
49
9
14
14
12
48
20
14
16
24
6
14
16
30
9
9
5
22
15
33
21
7
9
18
5
1
12
32
12
24
32
4
12
2
28
8
7
1
4
1
20
4
9
4
32
56
16
16
6
35
60
112
52
49
35
28
20
45
42
120
8
20
20
40
28
21
4
48
54
30
42
15
56
