0
0
0
0
0
0
0
0
0
0
0
0
0
0
0
1
1
1
1
1
1
2
2
2
2
2
2
3
3
5
5
5
5
5
6
6
7
7
7
7
7
7
7
7
7
7
7
9
10
10
10
10
11
13
13
14
14
16
18
19
19
20
20
21
21
21
21
21
21
23
24
24
24
25
25
26
27
27
28
28
28
28
28
30
31
31
31
31
31
31
31
31
31
31
31
33
33
33
33
35
35
35
37
38
39
39
40
43
43
45
45
45
45
46
46
46
46
48
48
50
51
51
51
51
52
52
53
53
54
55
55
58
58
58
58
59
60
60
61
61
62
63
63
63
63
63
63
63
63
63
64
64
64
65
67
67
67
68
70
70
70
72
72
73
73
74
77
78
79
81
83
83
83
84
85
85
85
85
87
87
87
88
89
93
94
96
97
98
98
98
99
99
99
101
102
104
104
106
106
108
109
109
109
110
111
111
111
113
113
115
117
118
120
123
123
124
125
125
126
130
132
136
136
137
138
138
139
141
146
150
151
154
156
157
159
161
164
164
165
165
166
171
174
178
178
178
179
183
186
190
191
193
194
197
204
204
208
211
211
215
215
218
218
225
225
228
235
235
236
236
239
242
242
242
242
244
247
249
250
252
256
262
262
265
265
265
265
270
272
272
272
277
280
282
283
284
286
286
289
290
290
290
290
294
295
299
300
301
304
308
316
316
316
319
321
322
322
325
329
334
334
337
339
341
343
345
346
349
349
352
353
353
355
360
364
365
368
374
376
376
376
381
382
386
387
391
391
393
393
394
396
396
396
397
398
402
402
404
404
405
411
412
419
419
421
422
425
426
428
428
430
432
435
438
438
445
446
451
459
459
464
465
468
472
475
476
476
479
481
483
487
492
493
495
495
496
498
500
501
502
503
503
505
506
507
507
507
508
509
515
516
520
523
524
525
528
529
535
539
541
542
546
549
549
549
549
549
550
552
552
552
558
565
567
568
569
569
570
571
572
579
579
584
592
593
597
599
605
607
608
608
612
617
619
623
627
629
630
635
635
636
636
645
648
652
652
655
655
656
658
661
664
664
665
669
673
673
677
680
684
688
694
700
702
703
708
713
715
720
725
727
731
733
736
740
747
754
755
757
757
761
766
766
766
772
773
779
783
789
793
793
793
796
802
811
816
818
825
833
835
840
841
844
847
855
860
866
870
872
874
874
880
885
891
901
903
913
914
918
918
928
931
933
937
940
947
953
957
962
967
970
970
972
977
981
981
987
992
993
993
998
1002
1004
1011
1015
1016
1016
1018
1022
1026
1029
1033
1036
1043
1047
1050
1053
1054
1056
1064
1075
1078
1079
1081
1084
1093
1093
1093
1095
1095
1095
1096
1103
1106
1109
1109
1109
1111
1111
1115
1115
1117
1117
1117
1119
1125
1125
1130
1130
1133
1133
1142
1156
1156
1171
1174
1174
1174
1180
1183
1195
1197
1198
1198
1204
1207
1211
1211
1218
1223
1234
1236
1244
1255
1264
1267
1271
1272
1272
1276
1281
1286
1292
1302
1305
1309
1311
1314
1320
1332
1339
1339
1340
1343
1343
1359
1361
1367
1370
1374
1380
1386
1386
1391
1399
1402
1407
1407
1411
1411
1415
1421
1426
1426
1432
1436
1442
1446
1448
1454
1459
1459
1462
1465
1470
1470
1473
1478
1479
1482
1489
1494
1494
1499
1505
1505
1505
1512
1515
1521
1524
1527
1535
1535
1535
1538
1541
1551
1557
1562
1565
1579
1580
1590
1590
1598
1608
1613
1618
1623
1630
1638
1640
1642
1650
1651
1651
1658
1659
1670
1676
1680
1685
1691
1693
1700
1700
1701
1709
1711
1716
1724
1731
1737
1742
1742
1742
1742
1745
1745
1748
1748
1755
1761
1771
1777
1784
1788
1792
1795
1800
1801
1811
1814
1819
1819
1819
1820
1823
1828
1836
1842
1844
1845
1848
1852
1854
1854
1866
1868
1875
1894
1899
1909
1912
1914
1919
1922
1924
1929
1931
1940
1948
1957
1957
1960
1960
1967
1973
1974
1988
1991
2006
2009
2010
2010
2014
2025
2026
2026
2027
2037
2051
2052
2059
2066
2076
2082
2088
2094
2106
2112
2115
2122
2125
2131
2137
2138
2145
2153
2165
2167
2170
2178
2180
2185
2185
2188
2193
2195
2196
2197
2197
2202
2204
2207
2214
2214
2219
2221
2224
2228
2235
2238
2241
2245
2246
2249
2252
2261
2261
2265
2267
2275
2277
2283
2296
2304
2306
2310
2317
2318
2320
2327
2337
2352
2360
2365
2371
2374
2378
2391
2397
2397
2401
2412
2412
2416
2426
2434
2436
2438
2443
2452
2461
2465
2472
2478
2483
2493
2501
2512
2518
2527
2533
2546
2552
2560
2562
2568
2572
2572
2579
2585
2598
2603
2613
2616
2624
2632
2632
2636
2639
2643
2645
2661
2668
2670
2677
2690
2690
2693
2699
2706
2707
2714
2724
2725
2735
2736
2744
2753
2757
2763
2772
2772
2780
2795
2800
2815
2822
2825
2827
2831
2831
2836
2836
2836
2854
2864
2872
2874
2882
2886
2891
2903
2910
2912
2914
2928
2935
2944
2953
2961
2971
2976
2983
2994
2998
3004
3016
3020
3022
3033
3038
3040
3043
3056
3059
3074
3084
3084
3090
3102
3106
3106
3107
3109
3128
3128
3131
