4
19
4
2
7
5
11
15
44
34
14
4
14
9
16
31
31
56
21
21
60
2
28
42
41
5
30
25
2
68
75
31
57
23
81
19
20
13
25
68
13
102
104
28
68
6
25
103
3
101
101
59
61
23
10
4
14
52
27
23
24
78
76
79
134
28
108
70
42
69
3
118
22
159
5
24
74
117
4
49
83
25
103
142
133
90
94
167
83
32
83
96
168
21
21
183
103
120
83
136
139
143
40
153
40
194
24
137
93
113
185
66
192
12
205
14
63
186
120
186
40
194
196
76
106
22
4
26
52
107
24
198
83
115
174
189
165
153
179
78
139
14
51
161
184
222
85
106
215
225
147
18
155
179
2
82
81
85
185
142
172
78
139
226
4
146
2
23
68
82
98
32
96
182
9
127
225
228
237
49
83
181
202
4
66
206
23
79
98
240
63
41
72
111
44
46
119
16
21
56
161
184
227
252
14
52
63
209
66
206
247
101
118
127
130
28
79
248
4
52
66
206
218
247
256
9
54
242
4
52
198
218
237
245
262
198
165
222
244
90
164
177
30
75
63
209
255
189
231
39
107
218
24
137
150
198
80
81
115
220
244
269
22
126
217
4
198
237
265
267
56
173
16
56
76
140
253
57
149
260
81
232
174
58
110
288
127
242
264
130
31
56
84
240
48
82
189
231
276
190
123
58
291
294
27
106
215
228
16
31
56
184
227
253
290
302
25
103
169
149
291
133
198
265
286
113
202
206
246
11
202
246
288
317
11
202
318
17
90
133
267
90
270
287
307
227
13
102
106
5
124
296
237
149
313
58
143
193
294
307
5
74
296
328
273
21
184
253
21
60
63
209
227
325
126
282
4
18
26
218
230
24
81
98
115
280
201
34
47
167
180
52
130
233
97
275
197
72
52
130
298
346
162
251
191
33
222
248
260
291
313
70
63
185
233
249
256
273
334
133
322
230
136
153
200
350
138
180
222
359
124
328
189
276
304
11
35
320
4
52
167
218
262
265
344
221
184
227
252
253
309
14
51
52
65
161
227
253
255
4
110
167
295
374
24
131
336
341
202
206
247
317
287
307
324
73
155
230
257
276
371
359
361
22
162
217
356
79
107
218
248
278
135
107
122
168
334
375
41
169
187
179
339
6
112
338
236
18
53
81
98
232
292
342
400
343
74
165
222
269
76
140
290
343
405
155
377
386
223
49
218
246
291
307
353
194
291
313
359
59
123
385
120
186
210
211
108
153
223
272
119
195
3
23
118
127
146
160
14
51
227
244
269
280
377
96
182
409
396
34
224
433
90
246
291
307
323
361
416
47
56
153
287
365
115
244
269
280
342
377
410
431
273
132
257
386
429
385
419
59
123
155
230
364
418
146
239
66
126
282
337
353
260
265
291
359
388
42
157
106
215
228
308
21
60
104
336
5
95
66
40
194
196
212
391
207
21
58
106
202
215
228
246
308
453
63
77
272
33
76
214
359
307
324
383
80
63
336
8
341
350
77
343
412
98
124
328
357
370
33
359
430
463
63
209
255
275
214
410
463
108
153
194
421
30
75
83
274
4
14
52
65
130
377
10
128
133
322
363
368
241
368
70
202
288
295
318
320
81
98
113
202
472
139
226
24
124
165
261
371
2
30
68
82
240
56
302
12
90
202
208
123
306
70
156
347
251
270
323
356
128
133
314
322
345
363
481
28
68
108
248
260
264
359
480
97
349
27
119
252
376
111
135
171
251
391
2
28
68
94
105
177
16
23
127
213
236
403
430
247
256
300
361
25
41
169
219
396
503
90
246
439
490
85
233
283
52
130
258
346
354
419
23
127
160
180
236
297
367
430
505
110
288
295
374
379
150
279
192
206
247
339
352
382
399
24
74
165
219
261
271
410
487
26
407
21
184
253
335
395
433
171
251
500
5
74
165
198
225
228
242
267
286
375
395
90
323
439
490
508
78
139
192
226
235
516
49
168
377
414
24
380
179
198
155
179
225
230
446
471
2
56
240
302
489
56
84
302
489
505
531
49
168
202
219
246
353
416
461
507
526
336
381
4
26
180
218
340
353
367
416
513
533
383
180
344
379
508
136
192
211
222
260
291
359
369
410
451
187
397
521
379
537
57
94
410
477
132
429
444
81
232
292
350
366
400
408
24
198
219
267
286
523
19
20
101
525
151
184
334
395
519
35
100
372
503
507
167
344
374
296
328
104
106
197
326
352
41
396
434
507
261
276
371
387
487
517
66
359
388
451
456
329
5
74
95
333
455
90
180
508
537
165
243
186
211
222
247
359
369
539
179
225
398
530
43
61
125
198
265
286
316
113
317
407
518
265
451
489
70
138
360
367
53
407
518
79
149
151
153
173
287
547
143
171
193
332
192
206
516
14
209
255
511
142
172
4
26
185
218
233
340
361
535
23
98
198
221
240
248
334
375
395
523
547
131
341
381
575
158
534
377
431
442
90
202
246
439
461
508
524
533
560
85
228
294
180
374
379
514
537
541
560
302
489
569
107
122
392
93
199
198
267
322
494
41
396
90
490
83
115
189
220
276
479
350
366
400
408
544
206
317
382
21
60
62
63
183
184
336
454
468
63
106
131
215
228
308
336
381
453
461
468
534
580
610
2
23
79
81
98
240
248
260
375
395
485
513
523
531
579
11
318
320
143
171
193
332
521
573
319
432
444
24
137
198
219
267
279
286
515
517
523
545
552
24
341
572
133
322
345
363
481
494
68
105
503
109
206
434
553
164
270
323
493
524
552
619
70
156
347
483
492
77
94
165
175
222
269
410
463
470
477
542
371
387
1
83
107
168
182
218
278
390
31
57
65
94
227
291
313
359
377
417
480
85
228
233
348
430
474
511
576
587
215
368
482
2
30
75
488
122
77
272
426
462
27
233
348
499
633
179
225
528
530
563
196
213
429
444
505
543
33
214
260
291
359
451
463
474
477
539
409
433
520
119
195
427
499
124
487
353
416
450
40
194
196
207
212
457
14
49
51
113
202
227
377
386
414
431
485
526
180
213
367
505
513
535
641
68
171
521
617
23
127
138
175
180
218
344
367
416
430
505
513
535
537
570
649
329
557
26
222
359
369
539
562
106
326
552
31
56
302
309
76
140
214
290
309
411
307
324
383
390
465
536
179
230
471
530
653
135
175
251
391
457
500
521
654
179
398
563
77
320
470
614
629
347
390
492
660
440
471
530
662
32
182
241
368
482
634
471
530
653
662
669
12
90
205
208
490
603
133
173
314
494
129
136
192
275
349
539
377
431
442
583
319
618
173
287
324
572
621
674
324
433
438
520
643
4
218
340
287
324
678
27
134
343
412
470
653
662
671
2
28
68
503
651
28
159
164
270
27
119
233
252
308
499
639
63
158
249
361
582
85
125
233
511
633
23
98
240
248
579
613
13
102
106
175
326
494
629
195
427
644
237
245
265
329
557
655
66
247
448
9
242
264
90
202
246
317
318
490
603
673
353
416
646
79
149
572
85
160
233
430
474
511
513
633
642
692
63
77
209
336
462
638
480
496
508
537
560
428
450
646
1
49
70
83
96
168
182
241
310
360
479
570
604
631
589
185
203
218
233
348
361
506
578
633
639
19
20
101
118
160
258
512
546
151
283
395
436
511
519
547
572
621
678
291
313
359
417
632
96
101
119
182
432
23
135
513
613
663
26
151
436
547
572
656
715
79
115
347
383
390
536
660
667
25
312
187
540
63
124
249
361
487
607
645
690
373
57
161
227
253
291
377
632
352
135
175
180
367
391
500
513
535
649
654
663
104
106
197
352
552
727
256
300
361
506
244
269
280
431
442
83
168
182
310
631
710
101
546
58
294
307
332
383
573
590
498
213
236
444
505
513
641
649
654
341
580
14
52
255
377
464
198
267
286
523
528
545
619
640
34
47
167
180
324
344
679
25
103
116
185
203
712
90
239
490
508
524
201
343
470
118
160
714
126
217
282
337
450
646
709
192
206
339
399
516
574
31
56
287
302
309
324
441
658
678
682
5
33
74
333
559
642
108
153
365
421
441
478
753
47
441
464
739
90
239
447
743
4
247
262
24
165
271
487
517
590
43
133
322
326
363
481
494
564
623
696
142
490
577
213
505
641
649
737
39
26
656
719
343
409
470
643
747
63
200
249
361
365
690
723
755
146
160
430
447
513
706
61
566
559
53
407
571
26
656
719
767
353
704
77
343
410
412
462
470
477
542
614
629
665
683
428
709
115
220
280
390
660
667
720
27
85
106
127
128
215
228
246
258
308
326
336
381
453
461
534
552
611
657
130
258
385
419
512
4
237
265
286
359
388
451
556
569
592
227
325
336
3
160
343
412
470
683
777
385
419
781
291
417
28
68
108
495
687
412
470
39
59
123
230
277
306
364
418
446
161
222
227
253
377
410
539
726
90
164
177
270
490
508
524
627
743
66
341
738
90
490
577
603
673
701
762
353
416
559
646
704
772
774
70
83
168
182
341
360
367
469
483
570
628
631
710
732
25
77
256
35
68
105
169
341
396
469
480
496
503
507
548
624
708
799
223
415
421
760
196
444
641
737
85
179
198
225
228
242
264
297
523
579
780
45
684
52
321
480
496
503
507
548
560
708
801
26
41
72
118
160
250
575
581
656
714
719
749
767
774
100
319
429
444
543
618
641
677
331
428
534
582
611
709
778
4
52
218
262
265
340
374
521
540
681
66
247
451
456
556
699
5
353
455
559
772
797
136
247
256
365
506
800
129
136
192
222
359
369
516
525
539
562
656
675
175
273
443
629
673
696
11
320
372
428
450
534
582
709
778
814
202
490
701
100
158
548
582
690
814
12
208
273
490
673
820
330
9
28
242
260
264
495
700
47
350
441
469
741
753
755
756
24
49
53
169
219
246
396
416
507
533
545
801
498
736
125
566
593
273
334
361
395
443
506
712
820
100
812
43
494
564
696
761
371
487
555
4
237
265
286
782
134
152
435
283
331
673
814
820
825
237
245
440
662
669
44
46
70
252
483
628
799
21
58
205
208
461
738
794
109
434
625
286
316
660
716
27
134
308
470
683
689
838
127
297
513
409
433
643
291
316
716
850
695
269
410
442
28
687
788
155
257
386
414
429
444
543
641
813
673
820
825
842
800
818
66
206
211
247
256
262
539
562
684
809
72
353
416
646
704
797
63
161
227
253
325
336
377
468
610
611
726
783
791
97
129
209
275
349
516
675
819
366
554
77
462
638
707
111
162
251
356
493
500
627
340
321
810
198
267
286
523
545
619
740
57
68
94
105
177
503
542
624
792
801
8
70
341
360
469
503
507
548
570
580
710
738
799
801
810
39
59
123
277
418
446
766
790
115
174
220
293
604
80
115
280
342
442
467
156
263
628
104
454
552
610
24
104
106
137
198
270
279
323
493
552
619
627
729
113
202
317
382
518
568
113
202
485
648
192
206
350
352
469
516
574
727
729
752
828
57
94
542
873
151
283
511
547
572
576
633
715
719
840
41
72
118
250
396
600
811
864
209
476
17
321
233
294
590
760
803
124
206
296
328
333
357
370
473
625
4
171
187
500
521
540
681
722
815
41
168
394
600
361
439
506
524
584
712
832
74
165
243
410
517
561
14
464
739
756
828
25
77
103
169
312
462
777
800
818
861
15
44
46
70
252
376
499
845
35
100
158
207
459
548
582
690
801
812
824
7
28
68
108
495
788
149
331
534
582
658
814
822
825
842
119
128
368
481
482
494
26
118
218
436
539
656
715
719
767
774
798
811
888
59
123
418
446
790
875
26
53
219
507
518
533
571
829
15
46
96
319
432
618
677
813
215
482
634
780
316
383
536
660
720
850
854
63
249
361
690
723
769
175
273
326
410
477
542
629
696
728
761
777
820
825
319
618
677
813
908
192
206
275
349
516
574
675
752
866
884
16
309
504
136
256
365
755
769
800
818
819
233
348
590
633
639
712
760
891
373
593
724
831
156
263
878
433
520
643
679
671
685
98
113
202
246
289
317
318
377
414
472
485
526
648
701
881
883
113
202
289
485
648
883
924
360
799
118
255
575
581
811
888
904
17
79
90
149
321
490
501
508
524
572
705
743
792
288
318
484
24
219
380
517
527
619
23
49
168
394
600
710
894
735
100
207
459
548
647
824
900
19
20
96
101
119
499
546
644
714
717
92
40
194
196
207
212
391
457
478
647
805
170
107
125
392
593
605
724
831
920
108
153
421
478
572
621
678
715
755
34
436
719
741
101
139
192
525
546
733
18
155
218
230
340
406
446
530
681
194
291
361
388
417
478
787
937
79
90
149
248
313
321
331
390
572
621
678
705
715
928
940
125
566
633
692
831
106
127
215
228
258
297
308
453
461
512
513
611
714
780
852
66
247
699
738
794
816
848
193
289
925
48
303
171
521
617
652
90
321
501
928
946
63
200
209
249
336
361
365
506
607
690
707
712
723
769
824
832
895
912
34
47
287
324
344
383
433
438
679
741
291
307
350
416
439
469
828
884
17
890
23
168
394
513
613
718
894
932
653
662
671
685
198
265
286
316
567
124
206
247
328
370
382
434
473
516
625
849
892
23
98
240
248
579
613
693
329
655
118
749
14
51
52
57
65
227
291
377
431
480
632
648
726
810
84
236
302
505
513
532
737
17
321
480
496
708
801
810
871
928
26
53
218
407
518
568
829
904
906
124
133
314
487
494
645
674
723
24
219
341
517
580
619
620
738
874
931
593
605
831
920
939
119
368
481
499
644
903
935
194
361
388
417
451
506
712
832
895
945
957
193
289
573
950
56
331
658
814
842
902
124
133
261
487
517
555
607
645
723
892
957
972
31
57
94
632
360
926
21
58
183
184
205
246
461
610
734
780
847
218
340
681
870
943
370
892
125
692
947
8
47
350
352
441
469
516
606
756
828
874
884
959
290
309
659
1
4
26
79
107
218
278
340
390
535
578
593
631
710
720
83
181
202
246
461
479
533
584
604
710
410
477
542
629
777
913
10
106
128
215
228
308
453
461
481
611
780
948
366
554
606
867
50
419
786
291
307
313
353
359
383
416
417
439
524
533
535
584
632
716
734
895
959
986
122
392
636
