64
32432
107963
46505
237390
124016
16580
55148
93193
80666
21998
76629
44608
38294
230629
60264
77618
41090
41670
74202
82957
224700
34210
207561
302716
144786
488658
212990
242878
30
66819
54254
33432
55294
77420
76977
592
1368
1911
35463
12503
104855
10330
77112
91533
4500
79935
47051
93973
158447
6486
75236
141693
98228
18010
3584
144927
163451
57576
52863
19993
71398
7989
126027
1040
61899
198093
272
255451
6025
356305
1152
53972
21440
142880
51384
47916
131020
50242
152287
67011
78532
33354
83780
8389
148452
87
4312
89
360
274438
5888
51500
39030
48207
83704
68422
68268
191167
4900
175538
196671
35935
85811
67350
23280
111448
132740
149007
60476
64710
49496
8656
148904
1035
90504
33778
19460
384713
143760
25536
7808
97734
87279
225569
100166
28268
210695
104624
52578
107371
50636
40068
191949
117435
135607
78877
75482
82537
108309
99527
9088
70227
62960
7105
7154
131470
10520
1341
71547
32896
63110
89151
149717
9920
52583
178300
19986
100783
33705
139698
43659
13977
1476
98096
210649
17935
142811
245261
147073
117918
304720
40260
63894
83036
164604
11328
77216
4475
141930
119810
35806
99752
35172
216169
93300
95269
77259
9261
60727
22780
20754
153802
72433
156030
94612
103391
54814
336994
31200
38840
66064
313182
67610
205
148424
151461
32857
103972
81295
13313
111030
19224
49060
96311
222972
217
66685
441829
252043
80890
83124
290558
77392
27396
143246
48578
258168
220571
7560
63333
23182
16684
322623
28687
56772
85068
97457
8604
73396
77136
74584
119329
31544
45979
74844
317601
206429
99808
82398
19577
52195
49025
131154
9180
146379
49149
109962
232298
2340
77694
52270
83422
13091
115461
365976
9612
108551
9684
223502
182883
135918
107373
185999
27260
50929
101666
22630
23119
83104
99816
18048
136761
50796
1140
7150
429504
108864
60267
89396
216716
508431
31548
46836
164776
36496
56946
70689
42817
14700
50036
4832
161514
9291
32870
26920
74808
191627
71552
125169
40207
15288
103356
182243
46773
7900
269043
104613
102631
71186
91283
81146
158481
95822
122702
176264
119766
328
82131
142068
60216
39597
70949
105632
153004
66535
221638
71036
58080
30059
319123
220455
24173
134862
155214
34292
74227
104301
168968
118176
131053
8800
133438
421180
102656
356
28072
22002
19043
195736
136214
444745
9075
96759
23642
186262
122163
131176
126472
44063
147560
129826
102218
18330
126719
208066
19304
475026
6064
122486
82162
64341
118805
232574
31272
79310
98246
116712
110409
19306
118518
26094
139093
394
32896
139915
73401
47283
48468
62100
44234
14259
36460
58680
405
40028
11665
129124
78149
174270
298262
72786
165446
34122
101258
32072
368702
163130
103736
280428
77118
65121
423
1696
1700
27264
84427
133130
153616
130654
262425
275191
30584
296940
74562
95360
244613
36168
106426
414584
86625
227386
286039
40354
348382
53090
52457
91714
18839
22050
114475
73926
20271
95104
42744
125120
122081
39579
29376
104350
7376
175424
96794
163782
113631
31166
22883
79788
130690
271729
151235
90245
44816
131731
185983
7616
19986
177996
95329
80059
283203
245776
79272
84832
182635
252231
62532
260564
55220
87866
330067
28172
124958
142251
278910
79276
36145
55058
83347
186384
160580
26832
12575
302602
71480
136835
334015
235697
214530
2040
511
193744
191118
404043
84570
26952
190854
289216
216930
126036
113226
396271
42395
369161
99099
195209
175535
12211
77106
19080
87969
51512
55654
208915
134520
203578
46208
152223
4851
326535
221217
34406
86059
176689
73342
190450
153804
123135
215279
62443
35264
54815
111559
60868
95566
44812
48343
76774
559
114290
141213
99968
281321
174743
70080
20376
60223
155168
27313
114998
153143
57540
272846
136170
47688
106392
100216
176454
131245
306625
135387
154974
203971
98364
301092
9376
587
25492
14725
117628
161425
149550
47909
307256
38080
5364
54723
2392
49527
9600
112345
15050
5427
48775
135439
67962
86489
164890
44835
610
201360
165502
2452
266958
131183
9856
22212
96518
236994
288404
23220
57276
30527
116452
139192
49813
30723
245677
261909
272140
80343
116525
361946
299262
77195
70185
90600
40832
93945
278141
98335
311803
184470
238146
171289
126523
192721
22480
292280
64440
651
67714
191352
63992
195648
143194
272158
35948
188021
230298
284303
23832
218409
165444
84242
158314
6003
104265
669
138420
69186
331837
2692
140250
73393
130803
57668
121668
141441
240833
10896
119640
69624
51604
177049
116151
113156
33663
80976
260504
162586
33908
120093
92192
11120
124384
325270
47714
100509
51732
52169
290748
11248
45056
240020
117528
279076
70757
136829
160138
374109
102248
219506
45696
327613
440208
216015
43941
198550
522370
217049
53772
79194
413656
119920
35574
131298
95722
158086
85735
165420
128308
135878
66387
170664
11152
47657
190775
124149
99040
145525
121815
128984
199192
6705
18650
2988
108619
26964
210390
3004
187522
97167
209254
72059
279248
168712
150944
42804
213122
172950
266082
173748
94256
12240
49024
12210
293800
138861
354601
145499
40998
96299
52798
255959
32464
27972
302478
100846
197238
381291
170922
236564
149770
30227
97066
225149
6892
269401
120798
138791
133176
104942
794
116011
796
193037
234581
148680
557315
142061
419203
73285
130900
51520
141508
190004
4270
20225
47706
386567
420775
168357
152974
218945
299292
196745
106134
59314
200324
220503
17182
245569
46601
221096
219824
70967
109488
232499
307254
94597
303959
351444
101724
177435
20900
29076
129712
154510
106152
27081
30312
229243
18728
154601
63139
3388
118948
57367
76362
272713
170187
69121
38558
166621
102752
66513
186370
197421
30960
61746
76964
112437
171600
264221
294326
165817
134370
48755
66500
25407
180428
153730
202677
546030
92770
94929
97247
135824
64543
184776
51978
31788
134808
177373
14176
22879
212255
126863
3841
26721
188639
207487
416376
138284
235668
132108
166680
139707
124632
236818
64124
252392
212364
687970
37709
342806
30944
228696
37200
3644
265864
190810
326612
164230
99327
117321
176024
124117
3680
337680
95536
78834
10724
367289
135518
130118
247784
179114
59520
157892
189987
287822
18030
101640
171970
51500
159593
109977
481515
96264
216657
171482
146872
23625
254808
192899
150936
302034
205036
100928
87154
105283
15264
108442
8604
8613
573389
98340
255283
15118
248380
230612
178144
180379
12016
75163
55332
439558
126769
322305
362880
338192
151046
299094
128927
208480
66056
256482
453603
26460
173182
217725
176640
132775
59858
357085
109414
159552
70524
3964
102160
53642
146938
3980
10266
135698
646048
24975
135733
