Size:     Iter:       Time:                      x:           x` - x:
    1         1    0,000997        1,00000000000000         0,000e+00
                                                                     
    2         2    0,000998        0,99999999999976         2,391e-13
                                   2,00000000000048        -4,783e-13
                                                                     
    3         3    0,001001        0,99999999999770         2,298e-12
                                   2,00000000001281        -1,281e-11
                                   2,99999999998752         1,248e-11
                                                                     
    4         4    0,001637        0,99999999982598         1,740e-10
                                   1,99999999929943         7,006e-10
                                   3,00000000019619        -1,962e-10
                                   3,99999999895241         1,048e-09
                                                                     
    5         6    0,000360        0,99999999235032         7,650e-09
                                   2,00000011124740        -1,112e-07
                                   2,99999951779171         4,822e-07
                                   4,00000073067249        -7,307e-07
                                   4,99999964623054         3,538e-07
                                                                     
    6         6    0,002018        1,00000394332078        -3,943e-06
                                   1,99988829570385         1,117e-04
                                   3,00075167454298        -7,517e-04
                                   3,99805277139822         1,947e-03
                                   5,00214249279051        -2,142e-03
                                   5,99915795642291         8,420e-04
                                                                     
    7         6    0,000999        1,00001757263816        -1,757e-05
                                   1,99957446896586         4,255e-04
                                   3,00228991871802        -2,290e-03
                                   3,99623369658784         3,766e-03
                                   4,99970385003933         2,961e-04
                                   6,00517772227592        -5,178e-03
                                   6,99698817205559         3,012e-03
                                                                     
    8         6    0,002011        1,00004677585387        -4,678e-05
                                   1,99900587088312         9,941e-04
                                   3,00443671683662        -4,437e-03
                                   3,99534123281590         4,659e-03
                                   4,99572880679090         4,271e-03
                                   6,00419969726275        -4,200e-03
                                   7,00787960360386        -7,880e-03
                                   7,99331765474391         6,682e-03
                                                                     
    9         8    0,001002        0,99999654037163         3,460e-06
                                   2,00010918624127        -1,092e-04
                                   2,99922186887294         7,781e-04
                                   4,00184743511976        -1,847e-03
                                   4,99918881732342         8,112e-04
                                   5,99813444021141         1,866e-03
                                   7,00051494877030        -5,149e-04
                                   8,00264128727539        -2,641e-03
                                   8,99834240808333         1,658e-03
                                                                     
   10         8    0,001999        0,99999210971687         7,890e-06
                                   2,00022662231949        -2,266e-04
                                   2,99856794074292         1,432e-03
                                   4,00275191426547        -2,752e-03
                                   4,99991662500437         8,337e-05
                                   5,99718684467059         2,813e-03
                                   6,99852074057269         1,479e-03
                                   8,00228415151565        -2,284e-03
                                   9,00366734970900        -3,667e-03
                                   9,99687808383149         3,122e-03
                                                                     
   11         8    0,001987        0,99998475569846         1,524e-05
                                   2,00040313345952        -4,031e-04
                                   2,99770994680738         2,290e-03
                                   4,00360078866643        -3,601e-03
                                   5,00109858288511        -1,099e-03
                                   5,99686574664923         3,134e-03
                                   6,99646624365714         3,534e-03
                                   8,00012491581110        -1,249e-04
                                   9,00443073262975        -4,431e-03
                                  10,00441082324064        -4,411e-03
                                  10,99488843650653         5,112e-03
                                                                     
   12         8    0,003002        0,99997368819067         2,631e-05
                                   2,00064630746670        -6,463e-04
                                   2,99666436358573         3,336e-03
                                   4,00431133445241        -4,311e-03
                                   5,00260620770616        -2,606e-03
                                   5,99721683196821         2,783e-03
                                   6,99483700445129         5,163e-03
                                   7,99731751034436         2,682e-03
                                   9,00261367893997        -2,614e-03
                                  10,00665886034837        -6,659e-03
                                  11,00475354621518        -4,754e-03
                                  11,99237123522132         7,629e-03
                                                                     
   13         8    0,002013        0,99995816092420         4,184e-05
                                   2,00096147660170        -9,615e-04
                                   2,99545341343869         4,547e-03
                                   4,00482718875266        -4,827e-03
                                   5,00431211597664        -4,312e-03
                                   5,99818714761791         1,813e-03
                                   6,99385596193511         6,144e-03
                                   7,99454982933440         5,450e-03
                                   8,99951375856656         4,862e-04
                                  10,00562214822572        -5,622e-03
                                  11,00874653384753        -8,747e-03
                                  12,00462544521976        -4,625e-03
                                  12,98933689055306         1,066e-02
                                                                     
   14         7    0,003004        0,99993762759083         6,237e-05
                                   2,00134971967607        -1,350e-03
                                   2,99410692505068         5,893e-03
                                   4,00511456209303        -5,115e-03
                                   5,00610005876016        -6,100e-03
                                   5,99967506609957         3,249e-04
                                   6,99359042433991         6,410e-03
                                   7,99221406182737         7,786e-03
                                   8,99597542863646         4,025e-03
                                  10,00268629389349        -2,686e-03
                                  11,00884568119203        -8,846e-03
                                  12,01054234427759        -1,054e-02
                                  13,00398830902491        -3,988e-03
                                  13,98579420496900         1,421e-02
                                                                     
   15        10    0,001982        1,00000399058285        -3,991e-06
                                   1,99987647894321         1,235e-04
                                   3,00082934887531        -8,293e-04
                                   3,99835641487006         1,644e-03
                                   4,99995740451407         4,260e-05
                                   6,00161228307624        -1,612e-03
                                   7,00126683849773        -1,267e-03
                                   7,99962898866517         3,710e-04
                                   8,99821166418295         1,788e-03
                                   9,99806235771096         1,938e-03
                                  10,99933867763828         6,613e-04
                                  12,00134956942553        -1,350e-03
                                  13,00277275425529        -2,773e-03
                                  14,00189736818025        -1,897e-03
                                  14,99683095800444         3,169e-03
                                                                     
   16        10    0,003000        1,00000599685110        -5,997e-06
                                   1,99982368389444         1,763e-04
                                   3,00111104001719        -1,111e-03
                                   3,99802967263415         1,970e-03
                                   4,99959372133995         4,063e-04
                                   6,00176658351124        -1,767e-03
                                   7,00188091956775        -1,881e-03
                                   8,00024361193581        -2,436e-04
                                   8,99833983309188         1,660e-03
                                   9,99746027280379         2,540e-03
                                  10,99813833201556         1,862e-03
                                  12,00008542738475        -8,543e-05
                                  13,00234531526476        -2,345e-03
                                  14,00350667265826        -3,507e-03
                                  15,00190078391577        -1,901e-03
                                  15,99576035393276         4,240e-03
                                                                     
   17        10    0,004997        1,00000862604959        -8,626e-06
                                   1,99975818255192         2,418e-04
                                   3,00143616067232        -1,436e-03
                                   3,99771501012060         2,285e-03
                                   4,99914565150297         8,543e-04
                                   6,00180948788884        -1,809e-03
                                   7,00247247049891        -2,472e-03
                                   8,00099494265879        -9,949e-04
                                   8,99874562061178         1,254e-03
                                   9,99716928779569         2,831e-03
                                  10,99710438404334         2,896e-03
                                  11,99861937061802         1,381e-03
                                  13,00110195106716        -1,102e-03
                                  14,00343683647545        -3,437e-03
                                  15,00418964877938        -4,190e-03
                                  16,00176319361529        -1,763e-03
                                  16,99451739894525         5,483e-03
                                                                     
   18         9    0,003000        1,00000953346204        -9,533e-06
                                   1,99972515442189         2,748e-04
                                   3,00164168540778        -1,642e-03
                                   3,99749486168121         2,505e-03
                                   4,99878459748308         1,215e-03
                                   6,00181329303884        -1,813e-03
                                   7,00295795488011        -2,958e-03
                                   8,00169119662800        -1,691e-03
                                   8,99922725031719         7,727e-04
                                   9,99708185237096         2,918e-03
                                  10,99630986618900         3,690e-03
                                  11,99726129658020         2,739e-03
                                  12,99961348571962         3,865e-04
                                  14,00251428799677        -2,514e-03
                                  15,00474820116001        -4,748e-03
                                  16,00488761866675        -4,888e-03
                                  17,00141339019692        -1,413e-03
                                  17,99280406581080         7,196e-03
                                                                     
   19        10    0,003001        1,00001611009567        -1,611e-05
                                   1,99958554040148         4,145e-04
                                   3,00220963461524        -2,210e-03
                                   3,99715921489800         2,841e-03
                                   4,99804357198840         1,956e-03
                                   6,00153612267211        -1,536e-03
                                   7,00345344678512        -3,453e-03
                                   8,00270143564336        -2,701e-03
                                   9,00022103243547        -2,210e-04
                                   9,99754050768155         2,459e-03
                                  10,99591457032863         4,085e-03
                                  11,99598547683304         4,015e-03
                                  12,99774548290000         2,255e-03
                                  14,00063735996474        -6,374e-04
                                  15,00369870914504        -3,699e-03
                                  16,00570393025719        -5,704e-03
                                  17,00528438871558        -5,284e-03
                                  18,00102192202881        -1,022e-03
                                  18,99151737928941         8,483e-03
                                                                     
   20         9    0,004000        1,00002041951588        -2,042e-05
                                   1,99948783871722         5,122e-04
                                   3,00261936454644        -2,619e-03
                                   3,99694187505094         3,058e-03
                                   4,99744650895100         2,553e-03
                                   6,00124447647708        -1,244e-03
                                   7,00379680515980        -3,797e-03
                                   8,00354650716155        -3,547e-03
                                   9,00116138048108        -1,161e-03
                                   9,99812106486201         1,879e-03
                                  10,99579996016850         4,200e-03
                                  11,99505569546010         4,944e-03
                                  12,99613276834914         3,867e-03
                                  13,99872411472421         1,276e-03
                                  15,00209219137960        -2,092e-03
                                  16,00519982973337        -5,200e-03
                                  17,00682657052957        -6,827e-03
                                  18,00566343976658        -5,663e-03
                                  19,00038475680309        -3,848e-04
                                  19,98970013686665         1,030e-02
                                                                     
   21         9    0,003000        1,00002680362301        -2,680e-05
                                   1,99935728755996         6,427e-04
                                   3,00311877612549        -3,119e-03
                                   3,99675118139184         3,249e-03
                                   4,99676147633301         3,239e-03
                                   6,00080321972646        -8,032e-04
                                   7,00402259308238        -4,023e-03
                                   8,00438660909840        -4,387e-03
                                   9,00224693290335        -2,247e-03
                                   9,99898391354796         1,016e-03
                                  10,99604535838140         3,955e-03
                                  11,99446830914367         5,532e-03
                                  12,99472494164601         5,275e-03
                                  13,99674499120979         3,255e-03
                                  15,00001141683295        -1,142e-05
                                  16,00367790336162        -3,678e-03
                                  17,00667975333401        -6,680e-03
                                  18,00782791741970        -7,828e-03
                                  19,00588304753222        -5,883e-03
                                  19,99961086372130         3,891e-04
                                  20,98782180003586         1,218e-02
                                                                     
   22         9    0,002998        1,00003399227670        -3,399e-05
                                   1,99921488031518         7,851e-04
                                   3,00363647628203        -3,636e-03
                                   3,99661149693475         3,389e-03
                                   4,99606570416919         3,934e-03
                                   6,00026576167596        -2,658e-04
                                   7,00412050383189        -4,121e-03
                                   8,00514878580267        -5,149e-03
                                   9,00336843773568        -3,368e-03
                                  10,00002192914899        -2,193e-05
                                  10,99658420813056         3,416e-03
                                  11,99423007179619         5,770e-03
                                  12,99362679104770         6,373e-03
                                  13,99491818166419         5,082e-03
                                  14,99779420039573         2,206e-03
                                  16,00159380223657        -1,594e-03
                                  17,00540859738008        -5,409e-03
                                  18,00817455547124        -8,175e-03
                                  19,00874695880865        -8,747e-03
                                  20,00595823163715        -5,958e-03
                                  20,99866080522470         1,339e-03
                                  21,98575720322513         1,424e-02
                                                                     
   23         9    0,003001        1,00004199320899        -4,199e-05
                                   1,99906311731093         9,369e-04
                                   3,00416402891530        -4,164e-03
                                   3,99652267868910         3,477e-03
                                   4,99537295069843         4,627e-03
                                   5,99964832853806         3,517e-04
                                   7,00409430738974        -4,094e-03
                                   8,00581458775632        -5,815e-03
                                   9,00448726261746        -4,487e-03
                                  10,00118504020904        -1,185e-03
                                  10,99737158693558         2,628e-03
                                  11,99432119759464         5,679e-03
                                  12,99286558857839         7,134e-03
                                  13,99333895097388         6,661e-03
                                  14,99562301725592         4,377e-03
                                  15,99923441392762         7,656e-04
                                  17,00341878120799        -3,419e-03
                                  18,00723945632352        -7,239e-03
                                  19,00965193699695        -9,652e-03
                                  20,00956313856650        -9,563e-03
                                  21,00587684803104        -5,877e-03
                                  21,99752661119160         2,473e-03
                                  22,98349908731742         1,650e-02
                                                                     
   24         9    0,003000        1,00005169298701        -5,169e-05
                                   1,99888405896962         1,116e-03
                                   3,00474689581318        -4,747e-03
                                   3,99648531735540         3,515e-03
                                   4,99465332967088         5,347e-03
                                   5,99892110877997         1,079e-03
                                   7,00392769508766        -3,928e-03
                                   8,00638040702892        -6,380e-03
                                   9,00560519175905        -5,605e-03
                                  10,00247607787510        -2,476e-03
                                  10,99841116489593         1,589e-03
                                  11,99475197333896         5,248e-03
                                  12,99246771239531         7,532e-03
                                  13,99206401073977         7,936e-03
                                  14,99360218506269         6,398e-03
                                  15,99676903694328         3,231e-03
                                  17,00096312641627        -9,631e-04
                                  18,00537730459219        -5,377e-03
                                  19,00907219742004        -9,072e-03
                                  20,01103610668852        -1,104e-02
                                  21,01023209129951        -1,023e-02
                                  22,00563353049044        -5,634e-03
                                  22,99624964442370         3,750e-03
                                  23,98114366820623         1,886e-02
                                                                     
   25         9    0,003000        1,00006233178424        -6,233e-05
                                   1,99869387470517         1,306e-03
                                   3,00533834031585        -5,338e-03
                                   3,99650157437310         3,498e-03
                                   4,99395167622864         6,048e-03
                                   5,99813163013636         1,868e-03
                                   7,00363933558191        -3,639e-03
                                   8,00682417811402        -6,824e-03
                                   9,00666400450629        -6,664e-03
                                  10,00381574406300        -3,816e-03
                                  10,99962259066790         3,774e-04
                                  11,99546256207553         4,537e-03
                                  12,99241435644628         7,586e-03
                                  13,99113253687135         8,867e-03
                                  14,99184154711001         8,158e-03
                                  15,99438876191367         5,611e-03
                                  16,99831963522056         1,680e-03
                                  18,00295507734080        -2,955e-03
                                  19,00746287367718        -7,463e-03
                                  20,01091677678382        -1,092e-02
                                  21,01234507511020        -1,235e-02
                                  22,01076778879933        -1,077e-02
                                  23,00522456725906        -5,225e-03
                                  23,99479463353156         5,205e-03
                                  24,97861065417295         2,139e-02
                                                                     
   26        12    0,004002        0,99999727733548         2,723e-06
                                   2,00012216092748        -1,222e-04
                                   2,99902598609068         9,740e-04
                                   4,00210642251302        -2,106e-03
                                   5,00009512005564        -9,512e-05
                                   5,99802568402186         1,974e-03
                                   6,99808347902734         1,917e-03
                                   7,99966571234945         3,343e-04
                                   9,00146509580535        -1,465e-03
                                  10,00253097359756        -2,531e-03
                                  11,00251311027669        -2,513e-03
                                  12,00154292647313        -1,543e-03
                                  13,00002031779257        -2,032e-05
                                  13,99842353248893         1,576e-03
                                  14,99718411380667         2,816e-03
                                  15,99661091134024         3,389e-03
                                  16,99684494592963         3,155e-03
                                  17,99787357060985         2,126e-03
                                  18,99951889494353         4,811e-04
                                  20,00147644288034        -1,476e-03
                                  21,00333350434999        -3,334e-03
                                  22,00459354672275        -4,594e-03
                                  23,00470123463397        -4,701e-03
                                  24,00306374924644        -3,064e-03
                                  24,99906728414788         9,327e-04
                                  25,99209398502306         7,906e-03
                                                                     
   27        12    0,003999        0,99999273996806         7,260e-06
                                   2,00022223185193        -2,222e-04
                                   2,99856331792580         1,437e-03
                                   4,00253883804988        -2,539e-03
                                   5,00060100141945        -6,010e-04
                                   5,99799896507404         2,001e-03
                                   6,99755362303910         2,446e-03
                                   7,99898417346983         1,016e-03
                                   9,00099320218239        -9,932e-04
                                  10,00248581228882        -2,486e-03
                                  11,00292936131561        -2,929e-03
                                  12,00230722684243        -2,307e-03
                                  13,00092831521014        -9,283e-04
                                  13,99924146432242         7,585e-04
                                  14,99769928811646         2,301e-03
                                  15,99666649629039         3,334e-03
                                  16,99637036360910         3,630e-03
                                  17,99688638096004         3,114e-03
                                  18,99814576847186         1,854e-03
                                  19,99993923327439         6,077e-05
                                  21,00194817233003        -1,948e-03
                                  22,00376050858205        -3,761e-03
                                  23,00489627575312        -4,896e-03
                                  24,00482550625086        -4,826e-03
                                  25,00298820786510        -2,988e-03
                                  25,99880823633548         1,192e-03
                                  26,99170692541351         8,293e-03
                                                                     
   28        12    0,004003        0,99999149403270         8,506e-06
                                   2,00025617888589        -2,562e-04
                                   2,99838102303082         1,619e-03
                                   4,00273508613828        -2,735e-03
                                   5,00084110916785        -8,411e-04
                                   5,99796871767407         2,031e-03
                                   6,99724736227733         2,753e-03
                                   7,99859099057396         1,409e-03
                                   9,00072762727652        -7,276e-04
                                  10,00248628256841        -2,486e-03
                                  11,00322915683063        -3,229e-03
                                  12,00284065241357        -2,841e-03
                                  13,00156375276020        -1,564e-03
                                  13,99982037742777         1,796e-04
                                  14,99807067360997         1,929e-03
                                  15,99670879575641         3,291e-03
                                  16,99601900341043         3,981e-03
                                  17,99614096759406         3,859e-03
                                  18,99707524989531         2,925e-03
                                  19,99868426596477         1,316e-03
                                  21,00071933527691        -7,193e-04
                                  22,00283405471549        -2,834e-03
                                  23,00460816554441        -4,608e-03
                                  24,00555949570871        -5,559e-03
                                  25,00517459387560        -5,175e-03
                                  26,00291319225935        -2,913e-03
                                  26,99822580562873         1,774e-03
                                  27,99056334026062         9,437e-03
                                                                     
   29        12    0,004997        0,99998711146673         1,289e-05
                                   2,00035505024762        -3,551e-04
                                   2,99794944286900         2,051e-03
                                   4,00307044180507        -3,070e-03
                                   5,00134100709989        -1,341e-03
                                   5,99805393462093         1,946e-03
                                   6,99684548495541         3,155e-03
                                   7,99795244261579         2,048e-03
                                   9,00017396276633        -1,740e-04
                                  10,00225551873189        -2,256e-03
                                  11,00341911386391        -3,419e-03
                                  12,00341464326047        -3,415e-03
                                  13,00238690308997        -2,387e-03
                                  14,00070688268955        -7,069e-04
                                  14,99882189542520         1,178e-03
                                  15,99715132442680         2,849e-03
                                  16,99602872099731         3,971e-03
                                  17,99565867021305         4,341e-03
                                  18,99611847852701         3,882e-03
                                  19,99734982031584         2,650e-03
                                  20,99918101469240         8,190e-04
                                  22,00134031397783        -1,340e-03
                                  23,00347438588463        -3,474e-03
                                  24,00516428879251        -5,164e-03
                                  25,00594606735944        -5,946e-03
                                  26,00532608142876        -5,326e-03
                                  27,00279003205907        -2,790e-03
                                  27,99781873281231         2,181e-03
                                  28,98989430670154         1,011e-02
                                                                     
   30        12    0,005001        0,99998582872676         1,417e-05
                                   2,00039118182594        -3,912e-04
                                   2,99776724627507         2,233e-03
                                   4,00323206664938        -3,232e-03
                                   5,00159822748956        -1,598e-03
                                   5,99808858931071         1,911e-03
                                   6,99659541433537         3,405e-03
                                   7,99755483231503         2,445e-03
                                   8,99982946648744         1,705e-04
                                  10,00212495393121        -2,125e-03
                                  11,00357602441817        -3,576e-03
                                  12,00384268040531        -3,843e-03
                                  13,00299873844535        -2,999e-03
                                  14,00137090051804        -1,371e-03
                                  14,99939215719136         6,078e-04
                                  15,99749570988838         2,504e-03
                                  16,99604336003053         3,957e-03
                                  17,99528997573510         4,710e-03
                                  18,99536215871089         4,638e-03
                                  19,99626346830231         3,737e-03
                                  20,99788185931950         2,118e-03
                                  22,00000311350562        -3,114e-06
                                  23,00232653148212        -2,327e-03
                                  24,00448501313920        -4,485e-03
                                  25,00605890690814        -6,059e-03
                                  26,00658888704281        -6,589e-03
                                  27,00559877949041        -5,599e-03
                                  28,00259378031729        -2,594e-03
                                  28,99707533242749         2,925e-03
                                  29,98855368679230         1,145e-02
                                                                     
   31        12    0,005000        0,99998226580314         1,773e-05
                                   2,00046842536687        -4,684e-04
                                   2,99743703494845         2,563e-03
                                   4,00345828388280        -3,458e-03
                                   5,00200976302612        -2,010e-03
                                   5,99821705608567         1,783e-03
                                   6,99632056680602         3,679e-03
                                   7,99703135859087         2,969e-03
                                   8,99930788712796         6,921e-04
                                  10,00182242910974        -1,822e-03
                                  11,00361297714165        -3,613e-03
                                  12,00423334464331        -4,233e-03
                                  13,00366720525766        -3,667e-03
                                  14,00218289977534        -2,183e-03
                                  15,00018521185809        -1,852e-04
                                  15,99811035544474         1,890e-03
                                  16,99634596794368         3,654e-03
                                  17,99518771485450         4,812e-03
                                  18,99481594428800         5,184e-03
                                  19,99529415361043         4,706e-03
                                  20,99657025699269         3,430e-03
                                  21,99849107701886         1,509e-03
                                  23,00081444662817        -8,144e-04
                                  24,00322402587354        -3,224e-03
                                  25,00535092357863        -5,351e-03
                                  26,00677997170909        -6,780e-03
                                  27,00706663244465        -7,067e-03
                                  28,00574829246529        -5,748e-03
                                  29,00235502201223        -2,355e-03
                                  29,99641387919220         3,586e-03
                                  30,98745923522883         1,254e-02
                                                                     
   32        12    0,006000        0,99997912071311         2,088e-05
                                   2,00053718360414        -5,372e-04
                                   2,99714466855784         2,855e-03
                                   4,00364493049213        -3,645e-03
                                   5,00238767292668        -2,388e-03
                                   5,99836083083658         1,639e-03
                                   6,99609421878796         3,906e-03
                                   7,99655264409798         3,447e-03
                                   8,99880040508727         1,200e-03
                                  10,00149250966016        -1,493e-03
                                  11,00358875853185        -3,589e-03
                                  12,00454675235818        -4,547e-03
                                  13,00426554452824        -4,266e-03
                                  14,00295319048296        -2,953e-03
                                  15,00098319421019        -9,832e-04
                                  15,99878572309414         1,214e-03
                                  16,99676411191211         3,236e-03
                                  17,99524641997883         4,754e-03
                                  18,99445739876612         5,543e-03
                                  19,99451169246825         5,488e-03
                                  20,99541259325532         4,587e-03
                                  21,99706017061731         2,940e-03
                                  22,99926506360820         7,349e-04
                                  24,00176438052175        -1,764e-03
                                  25,00423325958102        -4,233e-03
                                  26,00629609549094        -6,296e-03
                                  27,00754629210842        -7,546e-03
                                  28,00755214105369        -7,552e-03
                                  29,00587001061516        -5,870e-03
                                  30,00204611894075        -2,046e-03
                                  30,99563123988194         4,369e-03
                                  31,98618388527715         1,382e-02
                                                                     
   33        12    0,006998        0,99997607470821         2,393e-05
                                   2,00060313774281        -6,031e-04
                                   2,99686740429662         3,133e-03
                                   4,00380847373130        -3,808e-03
                                   5,00275347998047        -2,753e-03
                                   5,99852428321888         1,476e-03
                                   6,99590331067261         4,097e-03
                                   7,99609937479534         3,901e-03
                                   8,99828942584850         1,711e-03
                                  10,00112587103643        -1,126e-03
                                  11,00350335816684        -3,503e-03
                                  12,00479110460004        -4,791e-03
                                  13,00480630104160        -4,806e-03
                                  14,00369533546571        -3,695e-03
                                  15,00179675747671        -1,797e-03
                                  15,99952541037880         4,746e-04
                                  16,99729497079108         2,705e-03
                                  17,99545842147259         4,542e-03
                                  18,99427689869121         5,723e-03
                                  19,99391058086804         6,089e-03
                                  20,99441168801502         5,588e-03
                                  21,99572982125851         4,270e-03
                                  22,99772645049166         2,274e-03
                                  24,00018593139992        -1,859e-04
                                  25,00282657110992        -2,827e-03
                                  26,00531407146633        -5,314e-03
                                  27,00727801346850        -7,278e-03
                                  28,00831777466259        -8,318e-03
                                  29,00801480448430        -8,015e-03
                                  30,00593983039917        -5,940e-03
                                  31,00166128121841        -1,661e-03
                                  31,99474914432569         5,251e-03
                                  32,98478482862506         1,522e-02
                                                                     
   34        12    0,007002        0,99997231691406         2,768e-05
                                   2,00068400565099        -6,840e-04
                                   2,99654412788258         3,456e-03
                                   4,00397221195812        -3,972e-03
                                   5,00316541350602        -3,165e-03
                                   5,99874216171703         1,258e-03
                                   6,99574095447671         4,259e-03
                                   7,99563167575571         4,368e-03
                                   8,99772091098210         2,279e-03
                                  10,00067362214033        -6,736e-04
                                  11,00332376035681        -3,324e-03
                                  12,00495375636454        -4,954e-03
                                  13,00529867171800        -5,299e-03
                                  14,00443660566967        -4,437e-03
                                  15,00266192692690        -2,662e-03
                                  16,00037284488693        -3,728e-04
                                  16,99798207287080         2,018e-03
                                  17,99586240266716         4,138e-03
                                  18,99430869188624         5,691e-03
                                  19,99351789569363         6,482e-03
                                  20,99358788497262         6,412e-03
                                  21,99451874870509         5,481e-03
                                  22,99622009882919         3,780e-03
                                  23,99852022419510         1,480e-03
                                  25,00118250764215        -1,183e-03
                                  26,00391546978119        -3,915e-03
                                  27,00638192225033        -6,382e-03
                                  28,00821525984149        -8,215e-03
                                  29,00902284245262        -9,023e-03
                                  30,00840156672385        -8,402e-03
                                  31,00594017364957        -5,940e-03
                                  32,00122278025611        -1,223e-03
                                  32,99384401659648         6,156e-03
                                  33,98340220224253         1,660e-02
                                                                     
   35        11    0,007001        0,99996926055651         3,074e-05
                                   2,00074956411736        -7,496e-04
                                   2,99627722036103         3,723e-03
                                   4,00410170325739        -4,102e-03
                                   5,00352402404371        -3,524e-03
                                   5,99894856582729         1,051e-03
                                   6,99561337662468         4,387e-03
                                   7,99521850132376         4,781e-03
                                   8,99719627082427         2,804e-03
                                  10,00023296042533        -2,330e-04
                                  11,00311880686412        -3,119e-03
                                  12,00506271487803        -5,063e-03
                                  13,00572174640504        -5,722e-03
                                  14,00511121413753        -5,111e-03
                                  15,00348301583873        -3,483e-03
                                  16,00121064304779        -1,211e-03
                                  16,99870429136351         1,296e-03
                                  17,99634878172984         3,651e-03
                                  18,99446324705003         5,537e-03
                                  19,99327985097588         6,720e-03
                                  20,99293513911511         7,065e-03
                                  21,99347063798664         6,529e-03
                                  22,99484018800234         5,160e-03
                                  23,99691546324776         3,085e-03
                                  24,99949994645301         5,001e-04
                                  26,00234012455876        -2,340e-03
                                  27,00513459275173        -5,135e-03
                                  28,00754747551056        -7,547e-03
                                  29,00921486472200        -9,215e-03
                                  30,00975499867497        -9,755e-03
                                  31,00877796903712        -8,778e-03
                                  32,00588638871279        -5,886e-03
                                  33,00068523827116        -6,852e-04
                                  33,99278602135505         7,214e-03
                                  34,98180546958824         1,819e-02
                                                                     
   36        12    0,005001        0,99996413713321         3,586e-05
                                   2,00085253804059        -8,525e-04
                                   2,99589474063389         4,105e-03
                                   4,00424717817147        -4,247e-03
                                   5,00399102350034        -3,991e-03
                                   5,99925811665218         7,419e-04
                                   6,99552364966785         4,476e-03
                                   7,99476233768876         5,238e-03
                                   8,99656342770586         3,437e-03
                                   9,99964992733968         3,501e-04
                                  11,00276967033267        -2,770e-03
                                  12,00505437463334        -5,054e-03
                                  13,00607816880157        -6,078e-03
                                  14,00578371590248        -5,784e-03
                                  15,00437064480141        -4,371e-03
                                  16,00218165737797        -2,182e-03
                                  16,99961709758660         3,829e-04
                                  17,99706782640131         2,932e-03
                                  18,99487425298179         5,126e-03
                                  19,99329825589980         6,702e-03
                                  20,99251535323670         7,485e-03
                                  21,99260814694092         7,392e-03
                                  22,99357257415616         6,427e-03
                                  23,99532410057564         4,676e-03
                                  24,99770743714723         2,293e-03
                                  26,00050930641041        -5,093e-04
                                  27,00346566877610        -3,466e-03
                                  28,00627030186690        -6,270e-03
                                  29,00859293930504        -8,593e-03
                                  30,01007616863621        -1,008e-02
                                  31,01035023415314        -1,035e-02
                                  32,00903809291687        -9,038e-03
                                  33,00576010382074        -5,760e-03
                                  34,00013848835132        -1,385e-04
                                  34,99180178097819         8,198e-03
                                  35,98038759477077         1,961e-02
                                                                     
   37        12    0,006003        0,99995950948722         4,049e-05
                                   2,00094491456912        -9,449e-04
                                   2,99555355741419         4,446e-03
                                   4,00436307533356        -4,363e-03
                                   5,00441650843646        -4,417e-03
                                   5,99956325703730         4,367e-04
                                   6,99546892656045         4,531e-03
                                   7,99435673580065         5,643e-03
                                   8,99596953355695         4,030e-03
                                   9,99907508868925         9,249e-04
                                  11,00239330728497        -2,393e-03
                                  12,00498839485383        -4,988e-03
                                  13,00635972212012        -6,360e-03
                                  14,00638137192194        -6,381e-03
                                  15,00520008904763        -5,200e-03
                                  16,00312605073302        -3,126e-03
                                  17,00054490060050        -5,449e-04
                                  17,99784885584329         2,151e-03
                                  18,99539329216278         4,607e-03
                                  19,99346589313690         6,534e-03
                                  20,99227257499040         7,727e-03
                                  21,99193336897267         8,067e-03
                                  22,99248239454214         7,518e-03
                                  23,99387620031674         6,124e-03
                                  24,99599867435359         4,001e-03
                                  25,99867092792688         1,329e-03
                                  27,00166415556265        -1,664e-03
                                  28,00470687124874        -4,707e-03
                                  29,00749533425425        -7,495e-03
                                  30,00969764744639        -9,698e-03
                                  31,01096713777691        -1,097e-02
                                  32,01094601569087        -1,095e-02
                                  33,00926971221178        -9,270e-03
                                  34,00557482171498        -5,575e-03
                                  34,99949884119280         5,012e-04
                                  35,99068714174790         9,313e-03
                                  36,97879410099695         2,121e-02
                                                                     
   38        12    0,009002        0,99995451215309         4,549e-05
                                   2,00104246393167        -1,042e-03
                                   2,99520296398386         4,797e-03
                                   4,00446367588201        -4,464e-03
                                   5,00484728926167        -4,847e-03
                                   5,99989750523321         1,025e-04
                                   6,99545074552308         4,549e-03
                                   7,99397529382125         6,025e-03
                                   8,99537237666521         4,628e-03
                                   9,99846627325257         1,534e-03
                                  11,00195602481080        -1,956e-03
                                  12,00484729669468        -4,847e-03
                                  13,00656576524288        -6,566e-03
                                  14,00691843044637        -6,918e-03
                                  15,00599727037818        -5,997e-03
                                  16,00407690146039        -4,077e-03
                                  17,00152295305234        -1,523e-03
                                  17,99872502370897         1,275e-03
                                  18,99604865916093         3,951e-03
                                  19,99380204532802         6,198e-03
                                  20,99221959339486         7,780e-03
                                  21,99145339058777         8,547e-03
                                  22,99157453561908         8,425e-03
                                  23,99257475740600         7,425e-03
                                  24,99437641046617         5,624e-03
                                  25,99683632778993         3,164e-03
                                  26,99976003228158         2,400e-04
                                  28,00290691254244        -2,907e-03
                                  29,00600018278720        -6,000e-03
                                  30,00873665956693        -8,737e-03
                                  31,01079183907841        -1,079e-02
                                  32,01182601983376        -1,183e-02
                                  33,01149299883085        -1,149e-02
                                  34,00944240795565        -9,442e-03
                                  35,00532426834862        -5,324e-03
                                  35,99879305253864         1,207e-03
                                  36,98950896393938         1,049e-02
                                  37,97714366913345         2,286e-02
                                                                     
   39        11    0,008998        0,99994966128992         5,034e-05
                                   2,00113779574885        -1,138e-03
                                   2,99486493466104         5,135e-03
                                   4,00454585192204        -4,546e-03
                                   5,00526275113604        -5,263e-03
                                   6,00024177631577        -2,418e-04
                                   6,99546376222388         4,536e-03
                                   7,99362715605695         6,373e-03
                                   8,99479337991823         5,207e-03
                                   9,99784865145616         2,151e-03
                                  11,00148197209115        -1,482e-03
                                  12,00464697115721        -4,647e-03
                                  13,00670212967985        -6,702e-03
                                  14,00738881562730        -7,389e-03
                                  15,00674503251964        -6,745e-03
                                  16,00500638072419        -5,006e-03
                                  17,00251651667519        -2,517e-03
                                  17,99965907717164         3,409e-04
                                  18,99680359539019         3,196e-03
                                  19,99427543413932         5,725e-03
                                  20,99233167853753         7,668e-03
                                  21,99115546060652         8,845e-03
                                  22,99084910454236         9,151e-03
                                  23,99143950321844         8,560e-03
                                  24,99288265490960         7,117e-03
                                  25,99506973948967         4,930e-03
                                  26,99783921115141         2,161e-03
                                  28,00098065149433        -9,807e-04
                                  29,00424592044861        -4,246e-03
                                  30,00735684568988        -7,357e-03
                                  31,01001128006766        -1,001e-02
                                  32,01189133829180        -1,189e-02
                                  33,01266668813583        -1,267e-02
                                  34,01200250137036        -1,200e-02
                                  35,00956082355824        -9,561e-03
                                  36,00500522919010        -5,005e-03
                                  36,99800527532865         1,995e-03
                                  37,98823768965624         1,176e-02
                                  38,97538619724808         2,461e-02
                                                                     
   40        12    0,007001        0,99994337215220         5,663e-05
                                   2,00125486188976        -1,255e-03
                                   2,99447019183717         5,530e-03
                                   4,00461805104263        -4,618e-03
                                   5,00572283092443        -5,723e-03
                                   6,00065078370655        -6,508e-04
                                   6,99552622080136         4,474e-03
                                   7,99329197584294         6,708e-03
                                   8,99418366950899         5,816e-03
                                   9,99716223821559         2,838e-03
                                  11,00091390611072        -9,139e-04
                                  12,00434405445930        -4,344e-03
                                  13,00674477735106        -6,745e-03
                                  14,00778973463627        -7,790e-03
                                  15,00746000960368        -7,460e-03
                                  16,00594821359615        -5,948e-03
                                  17,00357149355574        -3,571e-03
                                  18,00070184925214        -7,018e-04
                                  18,99771078097909         2,289e-03
                                  19,99493568736129         5,064e-03
                                  20,99265467689401         7,345e-03
                                  21,99107682917836         8,923e-03
                                  22,99033516952057         9,665e-03
                                  23,99049030603330         9,510e-03
                                  24,99153002823527         8,470e-03
                                  25,99338016013685         6,620e-03
                                  26,99591047611761         4,090e-03
                                  27,99894104154890         1,059e-03
                                  29,00225322286547        -2,253e-03
                                  30,00559313708827        -5,593e-03
                                  31,00868463606509        -8,685e-03
                                  32,01122802622989        -1,123e-02
                                  33,01291359994525        -1,291e-02
                                  34,01342086161916        -1,342e-02
                                  35,01242452458803        -1,242e-02
                                  36,00960162034975        -9,602e-03
                                  37,00462971237668        -4,630e-03
                                  37,99719056127835         2,809e-03
                                  38,98697628790657         1,302e-02
                                  39,97368475129368         2,632e-02
                                                                     
   41        12    0,011005        0,99993722406921         6,278e-05
                                   2,00136924659115        -1,369e-03
                                   2,99409057732568         5,909e-03
                                   4,00467091858904        -4,671e-03
                                   5,00616307210842        -6,163e-03
                                   6,00106563312861        -1,066e-03
                                   6,99561924412135         4,381e-03
                                   7,99299520238595         7,005e-03
                                   8,99360121197360         6,399e-03
                                   9,99647852421639         3,521e-03
                                  11,00031943074249        -3,194e-04
                                  12,00398878738357        -3,989e-03
                                  13,00671769985381        -6,718e-03
                                  14,00811643648175        -8,116e-03
                                  15,00810921232921        -8,109e-03
                                  16,00684517694020        -6,845e-03
                                  17,00461305364919        -4,613e-03
                                  18,00176926988360        -1,769e-03
                                  18,99868367542106         1,316e-03
                                  19,99570219600808         4,298e-03
                                  20,99311995677245         6,880e-03
                                  21,99116824190365         8,832e-03
                                  22,99000875354656         9,991e-03
                                  23,98973021555592         1,027e-02
                                  24,99035241690012         9,648e-03
                                  25,99183254345906         8,167e-03
                                  26,99407048740441         5,930e-03
                                  27,99691674877772         3,083e-03
                                  29,00017809123020        -1,781e-04
                                  30,00362937996240        -3,629e-03
                                  31,00701396913621        -7,014e-03
                                  32,01005587947817        -1,006e-02
                                  33,01246309656998        -1,246e-02
                                  34,01393157183214        -1,393e-02
                                  35,01414985648498        -1,415e-02
                                  36,01280624452897        -1,281e-02
                                  37,00958811531548        -9,588e-03
                                  38,00418473959626        -4,185e-03
                                  38,99629482774137         3,705e-03
                                  39,98562055604130         1,438e-02
                                  40,97187491778749         2,813e-02
                                                                     
   42        12    0,010009        0,99993063755899         6,936e-05
                                   2,00148918345102        -1,489e-03
                                   2,99370264450307         6,297e-03
                                   4,00470726996393        -4,707e-03
                                   5,00660328695947        -6,603e-03
                                   6,00150412383791        -1,504e-03
                                   6,99574880654957         4,251e-03
                                   7,99273048526687         7,270e-03
                                   8,99303128154346         6,969e-03
                                   9,99577990491329         4,220e-03
                                  10,99968174297814         3,183e-04
                                  12,00356844983841        -3,568e-03
                                  13,00661411011760        -6,614e-03
                                  14,00836742402257        -8,367e-03
                                  15,00869581989158        -8,696e-03
                                  16,00770431408258        -7,704e-03
                                  17,00564934892041        -5,649e-03
                                  18,00286999403198        -2,870e-03
                                  18,99973054014744         2,695e-04
                                  19,99658212407023         3,418e-03
                                  20,99373326520938         6,267e-03
                                  21,99143499040110         8,565e-03
                                  22,98987324636006         1,013e-02
                                  23,98916413211968         1,084e-02
                                  24,98935789912311         1,064e-02
                                  25,99043956341962         9,560e-03
                                  26,99233928068941         7,661e-03
                                  27,99493533334484         5,065e-03
                                  28,99806207525720         1,938e-03
                                  30,00151884542837        -1,519e-03
                                  31,00507337059556        -5,073e-03
                                  32,00847041344365        -8,470e-03
                                  33,01143554811961        -1,144e-02
                                  34,01368199029078        -1,368e-02
                                  35,01491301526693        -1,491e-02
                                  36,01483015112552        -1,483e-02
                                  37,01312883478248        -1,313e-02
                                  38,00951029435544        -9,510e-03
                                  39,00367628019851        -3,676e-03
                                  39,99533613055299         4,664e-03
                                  40,98420704303422         1,579e-02
                                  41,97001373925629         2,999e-02
                                                                     
   43        14    0,007991        1,00000764827690        -7,648e-06
                                   1,99977865813458         2,213e-04
                                   3,00134739542412        -1,347e-03
                                   3,99782511816572         2,175e-03
                                   4,99919844587347         8,016e-04
                                   6,00156818179969        -1,568e-03
                                   7,00226038560685        -2,260e-03
                                   8,00126565122587        -1,266e-03
                                   8,99958813567452         4,119e-04
                                   9,99815552437736         1,844e-03
                                  10,99746863374664         2,531e-03
                                  11,99761737879427         2,383e-03
                                  12,99842965110140         1,570e-03
                                  13,99961891829152         3,811e-04
                                  15,00088362548239        -8,836e-04
                                  16,00197116965983        -1,971e-03
                                  17,00271730025426        -2,717e-03
                                  18,00302619091575        -3,026e-03
                                  19,00289091842090        -2,891e-03
                                  20,00235752249921        -2,358e-03
                                  21,00150808239020        -1,508e-03
                                  22,00046259672405        -4,626e-04
                                  22,99934347363039         6,565e-04
                                  23,99826638489249         1,734e-03
                                  24,99734212964973         2,658e-03
                                  25,99665674760109         3,343e-03
                                  26,99628545005490         3,715e-03
                                  27,99625662825044         3,743e-03
                                  28,99658881292108         3,411e-03
                                  29,99726201768611         2,738e-03
                                  30,99824112717924         1,759e-03
                                  31,99944667158159         5,533e-04
                                  33,00079452431591        -7,945e-04
                                  34,00217456379937        -2,175e-03
                                  35,00345041811936        -3,450e-03
                                  36,00448309593254        -4,483e-03
                                  37,00510057377861        -5,101e-03
                                  38,00515090393694        -5,151e-03
                                  39,00443645757443        -4,436e-03
                                  40,00276930884727        -2,769e-03
                                  40,99997139514534         2,860e-05
                                  41,99583901263405         4,161e-03
                                  42,99017458279920         9,825e-03
                                                                     
   44        14    0,008999        1,00000852564422        -8,526e-06
                                   1,99975685521044         2,431e-04
                                   3,00145450468034        -1,455e-03
                                   3,99772545921269         2,275e-03
                                   4,99905815007560         9,418e-04
                                   6,00156524334910        -1,565e-03
                                   7,00240857172614        -2,409e-03
                                   8,00147336564947        -1,473e-03
                                   8,99974732952925         2,527e-04
                                   9,99819391400000         1,806e-03
                                  10,99736345910654         2,637e-03
                                  11,99739316153784         2,607e-03
                                  12,99813834934253         1,862e-03
                                  13,99932402309419         6,760e-04
                                  15,00064591504182        -6,459e-04
                                  16,00183953839361        -1,840e-03
                                  17,00271574976681        -2,716e-03
                                  18,00316811298270        -3,168e-03
                                  19,00316489121652        -3,165e-03
                                  20,00273508583189        -2,735e-03
                                  21,00195703423532        -1,957e-03
                                  22,00093483520345        -9,348e-04
                                  22,99978790810104         2,121e-04
                                  23,99863840137757         1,362e-03
                                  24,99759738670782         2,403e-03
                                  25,99676431548418         3,236e-03
                                  26,99620918373648         3,791e-03
                                  27,99598941139361         4,011e-03
                                  28,99612990647197         3,870e-03
                                  29,99662995294353         3,370e-03
                                  30,99745605939574         2,544e-03
                                  31,99856676365332         1,433e-03
                                  32,99987450849876         1,255e-04
                                  34,00129083221276        -1,291e-03
                                  35,00270440614641        -2,704e-03
                                  36,00397032640411        -3,970e-03
                                  37,00494989631950        -4,950e-03
                                  38,00549015533476        -5,490e-03
                                  39,00540923995563        -5,409e-03
                                  40,00454120207287        -4,541e-03
                                  41,00270168242866        -2,702e-03
                                  41,99970069728759         2,993e-04
                                  42,99534815161381         4,652e-03
                                  43,98945642427448         1,054e-02
                                                                     
   45        14    0,009002        0,99999540142378         4,599e-06
                                   2,00003257149594        -3,257e-05
                                   3,00030367414256        -3,037e-04
                                   3,99861361246961         1,386e-03
                                   5,00016286640516        -1,629e-04
                                   6,00174576782980        -1,746e-03
                                   7,00169026589544        -1,690e-03
                                   8,00035970432691        -3,597e-04
                                   8,99873926010721         1,261e-03
                                   9,99760856841466         2,391e-03
                                  10,99731526616691         2,685e-03
                                  11,99784285693008         2,157e-03
                                  12,99896222601750         1,038e-03
                                  14,00035771709430        -3,577e-04
                                  15,00172627176344        -1,726e-03
                                  16,00282645912250        -2,826e-03
                                  17,00350316461676        -3,503e-03
                                  18,00368405034396        -3,684e-03
                                  19,00337343678059        -3,373e-03
                                  20,00262847745055        -2,628e-03
                                  21,00155439038918        -1,554e-03
                                  22,00027010387143        -2,701e-04
                                  22,99891312371034         1,087e-03
                                  23,99760782528469         2,392e-03
                                  24,99647753878670         3,522e-03
                                  25,99561214602736         4,388e-03
                                  26,99509087132196         4,909e-03
                                  27,99495680209678         5,043e-03
                                  28,99523903247825         4,761e-03
                                  29,99592069145582         4,079e-03
                                  30,99697193346107         3,028e-03
                                  31,99833868464128         1,661e-03
                                  32,99993019398721         6,981e-05
                                  34,00164534486282        -1,645e-03
                                  35,00336931072246        -3,369e-03
                                  36,00495857221686        -4,959e-03
                                  37,00626240987847        -6,262e-03
                                  38,00711854623405        -7,119e-03
                                  39,00734948944106        -7,349e-03
                                  40,00677769533371        -6,778e-03
                                  41,00522397514931        -5,224e-03
                                  42,00248589009028        -2,486e-03
                                  42,99838626473887         1,614e-03
                                  43,99271700133611         7,283e-03
                                  44,98529643515983         1,470e-02
                                                                     
   46        14    0,009000        1,00001054159942        -1,054e-05
                                   1,99970830114295         2,917e-04
                                   3,00168480656440        -1,685e-03
                                   3,99752879467590         2,471e-03
                                   4,99875379450241         1,246e-03
                                   6,00152796498320        -1,528e-03
                                   7,00269430035565        -2,694e-03
                                   8,00191056394934        -1,911e-03
                                   9,00011279942794        -1,128e-04
                                   9,99832761741904         1,672e-03
                                  10,99720610929050         2,794e-03
                                  11,99697503225449         3,025e-03
                                  12,99755364392625         2,446e-03
                                  13,99869329148371         1,307e-03
                                  15,00009107366202        -9,107e-05
                                  16,00146690713700        -1,467e-03
                                  17,00259494805278        -2,595e-03
                                  18,00333289340293        -3,333e-03
                                  19,00361127769396        -3,611e-03
                                  20,00342800573238        -3,428e-03
                                  21,00283195935338        -2,832e-03
                                  22,00191046388759        -1,910e-03
                                  23,00076898776767        -7,690e-04
                                  23,99953176383494         4,682e-04
                                  24,99831066289739         1,689e-03
                                  25,99721937183806         2,781e-03
                                  26,99634214582498         3,658e-03
                                  27,99575358678197         4,246e-03
                                  28,99550197490035         4,498e-03
                                  29,99561593083114         4,384e-03
                                  30,99609506616562         3,905e-03
                                  31,99691377856606         3,086e-03
                                  32,99802698652756         1,973e-03
                                  33,99937009638846         6,299e-04
                                  35,00085286847853        -8,529e-04
                                  36,00237307115425        -2,373e-03
                                  37,00380830761200        -3,808e-03
                                  38,00503011531242        -5,030e-03
                                  39,00588369893383        -5,884e-03
                                  40,00622503554062        -6,225e-03
                                  41,00588323386525        -5,883e-03
                                  42,00469350002352        -4,694e-03
                                  43,00248676892522        -2,487e-03
                                  43,99907688580588         9,231e-04
                                  44,99429635014049         5,704e-03
                                  45,98795776852045         1,204e-02
                                                                     
   47        14    0,013004        1,00001158983658        -1,159e-05
                                   1,99968311370628         3,169e-04
                                   3,00180162709394        -1,802e-03
                                   3,99743685128180         2,563e-03
                                   4,99859647022364         1,404e-03
                                   6,00149537090440        -1,495e-03
                                   7,00282574125890        -2,826e-03
                                   8,00212993239029        -2,130e-03
                                   9,00031154158418        -3,115e-04
                                   9,99842180658038         1,578e-03
                                  10,99715615568395         2,844e-03
                                  11,99678711524374         3,213e-03
                                  12,99726760925654         2,732e-03
                                  13,99836738683474         1,633e-03
                                  14,99978734661914         2,127e-04
                                  16,00123744197531        -1,237e-03
                                  17,00248167632076        -2,482e-03
                                  18,00335791271934        -3,358e-03
                                  19,00378080621398        -3,781e-03
                                  20,00372998730034        -3,730e-03
                                  21,00324167032682        -3,242e-03
                                  22,00239325556900        -2,393e-03
                                  23,00128313947904        -1,283e-03
                                  24,00003082870355        -3,083e-05
                                  24,99874696215822         1,253e-03
                                  25,99754820337554         2,452e-03
                                  26,99653109333321         3,469e-03
                                  27,99577330741112         4,227e-03
                                  28,99533504198482         4,665e-03
                                  29,99525331143103         4,747e-03
                                  30,99554130966599         4,459e-03
                                  31,99618509584999         3,815e-03
                                  32,99715843570613         2,842e-03
                                  33,99840399631881         1,596e-03
                                  34,99984757756690         1,524e-04
                                  36,00140099295509        -1,401e-03
                                  37,00295600537058        -2,956e-03
                                  38,00438763383941        -4,388e-03
                                  39,00556967793515        -5,570e-03
                                  40,00634983171343        -6,350e-03
                                  41,00658037234368        -6,580e-03
                                  42,00609590221203        -6,096e-03
                                  43,00473959808091        -4,740e-03
                                  44,00233894270503        -2,339e-03
                                  44,99872496732869         1,275e-03
                                  45,99372252628588         6,277e-03
                                  46,98716243035683         1,284e-02
                                                                     
   48        14    0,010997        1,00001278199172        -1,278e-05
                                   1,99965487591453         3,451e-04
                                   3,00192934176456        -1,929e-03
                                   3,99734239289658         2,658e-03
                                   4,99842641293632         1,574e-03
                                   6,00145110870638        -1,451e-03
                                   7,00295456828463        -2,955e-03
                                   8,00235855959598        -2,359e-03
                                   9,00052955090898        -5,296e-04
                                   9,99853826218705         1,462e-03
                                  10,99712656375159         2,873e-03
                                  11,99661179203052         3,388e-03
                                  12,99698284149632         3,017e-03
                                  13,99802985326282         1,970e-03
                                  14,99945737494436         5,426e-04
                                  16,00097131118255        -9,713e-04
                                  17,00232625634628        -2,326e-03
                                  18,00333875937757        -3,339e-03
                                  19,00390882820559        -3,909e-03
                                  20,00400166398614        -4,002e-03
                                  21,00363299050043        -3,633e-03
                                  22,00287324661209        -2,873e-03
                                  23,00181065166552        -1,811e-03
                                  24,00056165198637        -5,617e-04
                                  24,99923665996194         7,633e-04
                                  25,99795209201158         2,048e-03
                                  26,99680749036630         3,193e-03
                                  27,99588975021113         4,110e-03
                                  28,99526738114517         4,733e-03
                                  29,99499230190930         5,008e-03
                                  30,99507865874650         4,921e-03
                                  31,99553790316774         4,462e-03
                                  32,99634613158524         3,654e-03
                                  33,99746478688863         2,535e-03
                                  34,99882932709836         1,171e-03
                                  36,00036310490966        -3,631e-04
                                  37,00197659248526        -1,977e-03
                                  38,00354954653354        -3,550e-03
                                  39,00496809634535        -4,968e-03
                                  40,00610016345277        -6,100e-03
                                  41,00679529343882        -6,795e-03
                                  42,00691026685429        -6,910e-03
                                  43,00628684860657        -6,287e-03
                                  44,00476063363144        -4,761e-03
                                  45,00217203572389        -2,172e-03
                                  45,99835226222906         1,648e-03
                                  46,99313788652954         6,862e-03
                                  47,98635909973404         1,364e-02
                                                                     
   49        14    0,008999        1,00001406754374        -1,407e-05
                                   1,99962570138232         3,743e-04
                                   3,00205847988104        -2,058e-03
                                   3,99725244081188         2,748e-03
                                   4,99825298701223         1,747e-03
                                   6,00139701700142        -1,397e-03
                                   7,00307527395293        -3,075e-03
                                   8,00258721151109        -2,587e-03
                                   9,00075688453380        -7,569e-04
                                   9,99867176747534         1,328e-03
                                  10,99711573547359         2,884e-03
                                  11,99645344465876         3,547e-03
                                  12,99670771447679         3,292e-03
                                  13,99768964023719         2,310e-03
                                  14,99911422013458         8,858e-04
                                  16,00068170659209        -6,817e-04
                                  17,00213686413628        -2,137e-03
                                  18,00328324325639        -3,283e-03
                                  19,00400053629230        -4,001e-03
                                  20,00423617929389        -4,236e-03
                                  21,00399614083367        -3,996e-03
                                  22,00333717382955        -3,337e-03
                                  23,00233918887910        -2,339e-03
                                  24,00110768607948        -1,108e-03
                                  24,99975877171912         2,412e-04
                                  25,99840556464697         1,594e-03
                                  26,99715085445475         2,849e-03
                                  27,99608839238084         3,912e-03
                                  28,99529563120871         4,704e-03
                                  29,99482816515412         5,172e-03
                                  30,99471694598015         5,283e-03
                                  31,99498115319613         5,019e-03
                                  32,99561018184935         4,390e-03
                                  33,99657407749939         3,426e-03
                                  34,99782962812672         2,170e-03
                                  35,99930737201259         6,926e-04
                                  37,00092207562842        -9,221e-04
                                  38,00257990959133        -2,580e-03
                                  39,00416643899210        -4,166e-03
                                  40,00556203162317        -5,562e-03
                                  41,00663273419911        -6,633e-03
                                  42,00723598047863        -7,236e-03
                                  43,00722876604652        -7,229e-03
                                  44,00645497589259        -6,455e-03
                                  45,00475808796165        -4,758e-03
                                  46,00197942994537        -1,979e-03
                                  46,99795420089360         2,046e-03
                                  47,99252344103684         7,477e-03
                                  48,98552595535070         1,447e-02
                                                                     
