Size:     Iter:       Time:                      x:           x` - x:

negativ
    1        10    0,002037        1,00000000000001        -5,995e-15
                                   2,00000000000001        -6,661e-15
                                   3,00000000000001        -7,105e-15
                                   4,00000000000001        -7,105e-15
                                   5,00000000000001        -7,105e-15
                                   6,00000000000001        -7,994e-15
                                   7,00000000000001        -7,105e-15
                                   8,00000000000001        -7,105e-15
                                   9,00000000000001        -8,882e-15
                                  10,00000000000001        -8,882e-15
                                                                     
positiv
    2        10    0,002009        1,00000000000000         9,992e-16
                                   2,00000000000000         2,442e-15
                                   3,00000000000000        -1,776e-15
                                   4,00000000000000         1,332e-15
                                   4,99999999999999         7,105e-15
                                   6,00000000000000        -3,553e-15
                                   7,00000000000000         8,882e-16
                                   8,00000000000000         3,553e-15
                                   9,00000000000000         1,776e-15
                                  10,00000000000000         3,553e-15
                                                                     
