Size:     Iter:       Time:                      x:           x` - x:
    1         1    0,001997        1,00000000000000         0,000e+00
                                                                     
    2         2    0,002010        0,99999999999976         2,371e-13
                                   2,00000000000048        -4,823e-13
                                                                     
    3         4    0,002007        0,99999999999775         2,254e-12
                                   2,00000000001275        -1,275e-11
                                   2,99999999998767         1,233e-11
                                                                     
    4         6    0,001000        0,99999999998878         1,122e-11
                                   2,00000000012396        -1,240e-10
                                   2,99999999970417         2,958e-10
                                   4,00000000019143        -1,914e-10
                                                                     
    5         7    0,002001        0,99999999994525         5,475e-11
                                   2,00000000106781        -1,068e-09
                                   2,99999999531211         4,688e-09
                                   4,00000000714769        -7,148e-09
                                   4,99999999648302         3,517e-09
                                                                     
    6        10    0,002002        1,00000000018660        -1,866e-10
                                   1,99999999444765         5,552e-09
                                   3,00000003834967        -3,835e-08
                                   3,99999989899737         1,010e-07
                                   5,00000011242518        -1,124e-07
                                   5,99999995543181         4,457e-08
                                                                     
    7        13    0,002003        1,00000000270471        -2,705e-09
                                   1,99999989398310         1,060e-07
                                   3,00000100784507        -1,008e-06
                                   3,99999612138537         3,879e-06
                                   5,00000705428930        -7,054e-06
                                   5,99999394321533         6,057e-06
                                   7,00000197830705        -1,978e-06
                                                                     
    8        13    0,001980        1,00000000745321        -7,453e-09
                                   1,99999959518857         4,048e-07
                                   3,00000534008694        -5,340e-06
                                   3,99997086900643         2,913e-05
                                   5,00007893407692        -7,893e-05
                                   5,99988771826775         1,123e-04
                                   7,00008026085197        -8,026e-05
                                   7,99997726914071         2,273e-05
                                                                     
    9        18    0,003019        0,99999999537306         4,627e-09
                                   2,00000022826143        -2,283e-07
                                   2,99999726884734         2,731e-06
                                   4,00001324131120        -1,324e-05
                                   4,99996983459592         3,017e-05
                                   6,00003065984134        -3,066e-05
                                   6,99999462285146         5,377e-06
                                   7,99998787217635         1,213e-05
                                   9,00000628021762        -6,280e-06
                                                                     
   10        18    0,003001        0,99999999784153         2,158e-09
                                   2,00000014087882        -1,409e-07
                                   2,99999778230323         2,218e-06
                                   4,00001422290392        -1,422e-05
                                   4,99995620887761         4,379e-05
                                   6,00006352293193        -6,352e-05
                                   6,99997686557203         2,313e-05
                                   7,99995361586137         4,638e-05
                                   9,00005626524937        -5,627e-05
                                   9,99998137535735         1,862e-05
                                                                     
   11        17    0,003000        0,99999999153766         8,462e-09
                                   2,00000049537470        -4,954e-07
                                   2,99999313129920         6,869e-06
                                   4,00003746998308        -3,747e-05
                                   4,99991009202989         8,991e-05
                                   6,00007169682354        -7,170e-05
                                   7,00006114688966        -6,115e-05
                                   7,99990083551448         9,916e-05
                                   8,99994254437105         5,746e-05
                                  10,00013762738466        -1,376e-04
                                  10,99994496128731         5,504e-05
                                                                     
   12        17    0,003002        0,99999997627775         2,372e-08
                                   2,00000127896713        -1,279e-06
                                   2,99998376593907         1,623e-05
                                   4,00007913402725        -7,913e-05
                                   4,99984157174784         1,584e-04
                                   6,00006817798928        -6,818e-05
                                   7,00014430038889        -1,443e-04
                                   7,99995020510927         4,979e-05
                                   8,99982152127506         1,785e-04
                                   9,99998295224913         1,705e-05
                                  11,00024939349641        -2,494e-04
                                  11,99987770039578         1,223e-04
                                                                     
   13        22    0,003152        1,00000000546039        -5,460e-09
                                   1,99999970226637         2,977e-07
                                   3,00000379491711        -3,795e-06
                                   3,99998129857830         1,870e-05
                                   5,00003939953128        -3,940e-05
                                   5,99997304273462         2,696e-05
                                   6,99998970382656         1,030e-05
                                   7,99999368478055         6,315e-06
                                   9,00003242791298        -3,243e-05
                                  10,00001791251004        -1,791e-05
                                  10,99995695280629         4,305e-05
                                  12,00000262226296        -2,622e-06
                                  13,00000945817805        -9,458e-06
                                                                     
   14        22    0,003000        1,00000000273134        -2,731e-09
                                   1,99999984462338         1,554e-07
                                   3,00000223544751        -2,235e-06
                                   3,99998688346717         1,312e-05
                                   5,00003413665366        -3,414e-05
                                   5,99997273063288         2,727e-05
                                   6,99996245511521         3,754e-05
                                   8,00006128834992        -6,129e-05
                                   9,00001613376072        -1,613e-05
                                   9,99996885817190         3,114e-05
                                  10,99998346017304         1,654e-05
                                  11,99994932494414         5,068e-05
                                  13,00010969466831        -1,097e-04
                                  13,99995294669014         4,705e-05
                                                                     
   15        22    0,003999        1,00000000601911        -6,019e-09
                                   1,99999962978740         3,702e-07
                                   3,00000512587097        -5,126e-06
                                   3,99997316782783         2,683e-05
                                   5,00005719105512        -5,719e-05
                                   5,99997565384766         2,435e-05
                                   6,99993143859506         6,856e-05
                                   8,00004463627707        -4,464e-05
                                   9,00005553940663        -5,554e-05
                                   9,99999756352086         2,436e-06
                                  10,99996540601776         3,459e-05
                                  11,99994958962921         5,041e-05
                                  12,99999730715386         2,693e-06
                                  14,00009564660722        -9,565e-05
                                  14,99995209833044         4,790e-05
                                                                     
   16        22    0,003002        1,00000000454616        -4,546e-09
                                   1,99999963547960         3,645e-07
                                   3,00000591451808        -5,915e-06
                                   3,99996537124532         3,463e-05
                                   5,00008117431757        -8,117e-05
                                   5,99995310736387         4,689e-05
                                   6,99993483166763         6,517e-05
                                   8,00000693409975        -6,934e-06
                                   9,00009696793110        -9,697e-05
                                  10,00005128517674        -5,129e-05
                                  10,99996526477193         3,474e-05
                                  11,99989024395137         1,098e-04
                                  12,99991154062331         8,846e-05
                                  14,00008919051403        -8,919e-05
                                  15,00016552522538        -1,655e-04
                                  15,99988299402343         1,170e-04
                                                                     
   17        22    0,003000        1,00000001091005        -1,091e-08
                                   1,99999934190033         6,581e-07
                                   3,00000912983556        -9,130e-06
                                   3,99995339810180         4,660e-05
                                   5,00008890493377        -8,890e-05
                                   5,99999050946342         9,491e-06
                                   6,99988993939938         1,101e-04
                                   7,99997322993920         2,677e-05
                                   9,00009286544545        -9,287e-05
                                  10,00012426139053        -1,243e-04
                                  11,00001919881577        -1,920e-05
                                  11,99988404829676         1,160e-04
                                  12,99984129539528         1,587e-04
                                  13,99994907870944         5,092e-05
                                  15,00014925734742        -1,493e-04
                                  16,00021064496446        -2,106e-04
                                  16,99982485852577         1,751e-04
                                                                     
   18        70    0,002983        1,00000362921455        -3,629e-06
                                   1,99966093876500         3,391e-04
                                   3,00768651163371        -7,687e-03
                                   3,92785048778930         7,215e-02
                                   5,33571380783225        -3,357e-01
                                   5,19761890179964         8,024e-01
                                   7,85401243723082        -8,540e-01
                                   7,95264565084880         4,735e-02
                                   8,68849298544683         3,115e-01
                                   9,42319619154017         5,768e-01
                                  11,61042903748374        -6,104e-01
                                  12,56684643701727        -5,668e-01
                                  12,30326349001895         6,967e-01
                                  14,32239842203580        -3,224e-01
                                  14,82211551363931         1,779e-01
                                  15,32572131397791         6,743e-01
                                  18,06453345158920        -1,065e+00
                                  17,59780787309180         4,022e-01
                                                                     
   19        38    0,003000        1,00000053820431        -5,382e-07
                                   1,99996216391936         3,784e-05
                                   3,00063732254170        -6,373e-04
                                   3,99572204132104         4,278e-03
                                   5,01297748357242        -1,298e-02
                                   5,98511429513779         1,489e-02
                                   6,99253241377382         7,468e-03
                                   8,02813199305139        -2,813e-02
                                   8,98896057969277         1,104e-02
                                   9,99461530893543         5,385e-03
                                  10,99917271788741         8,273e-04
                                  11,99738135371207         2,619e-03
                                  12,99711362553626         2,886e-03
                                  14,00798296306666        -7,983e-03
                                  15,00748794462433        -7,488e-03
                                  15,99898589078281         1,014e-03
                                  16,99560828385022         4,392e-03
                                  17,98961104633725         1,039e-02
                                  19,00800249634883        -8,002e-03
                                                                     
   20    100000    0,407013       26,43617466911102        -2,544e+01
                               -2916,91918572105578         2,919e+03
                               84898,31356373532617        -8,490e+04
                            -1072283,72579153859988         1,072e+06
                             7192250,19414955098182        -7,192e+06
                           -27916818,46833733841777         2,792e+07
                            63962266,19579276442528        -6,396e+07
                           -82704814,92214462161064         8,270e+07
                            51347687,79158216714859        -5,135e+07
                            -6427099,64649078529328         6,427e+06
                           -21856605,83574409782887         2,186e+07
                            79127273,70340274274349        -7,913e+07
                           -93095671,56490889191628         9,310e+07
                           -32928071,35903441533446         3,293e+07
                            71161861,28217543661594        -7,116e+07
                            90557541,57487662136555        -9,056e+07
                          -114105471,38775047659874         1,141e+08
                           -55261915,07304233312607         5,526e+07
                           106847759,82806992530823        -1,068e+08
                           -34909707,19306866824627         3,491e+07
                                                                     
   21    100000    0,419050    80037,55786190183426        -8,004e+04
                            -6327276,63883105944842         6,327e+06
                           104933945,93156796693802        -1,049e+08
                          -412897902,80086219310760         4,129e+08
                         -2983478540,34428358078003         2,983e+09
                         33192564400,82066726684570        -3,319e+10
                       -123884618964,65095520019531         1,239e+11
                        207995625892,16467285156250        -2,080e+11
                        -83072655315,48257446289062         8,307e+10
                       -199405332642,88211059570312         1,994e+11
                        185294013222,57266235351562        -1,853e+11
                        112164611138,84393310546875        -1,122e+11
                        -73382650350,17407226562500         7,338e+10
                       -199731606561,48611450195312         1,997e+11
                        117698718073,34785461425781        -1,177e+11
                         79745523672,60029602050781        -7,975e+10
                        -39079986448,30111694335938         3,908e+10
                          -925270399,14261496067047         9,253e+08
                        -38679270151,69768524169922         3,868e+10
                         30160527578,87215423583984        -3,016e+10
                         -4792494932,97301959991455         4,792e+09
                                                                     
   22    100000    0,369977        0,97910914573052         2,089e-02
                                   4,20408546566480        -2,204e+00
                                 -53,16612269067870         5,617e+01
                                 595,66811135024159        -5,917e+02
                               -2967,80192946099305         2,973e+03
                                5961,09163443970374        -5,955e+03
                                8414,21693714895264        -8,407e+03
                              -73607,21114427606517         7,362e+04
                              174953,60688717593439        -1,749e+05
                             -221801,91501278275973         2,218e+05
                              200674,47117709190934        -2,007e+05
                             -207196,87564745955751         2,072e+05
                              175788,08966579797561        -1,758e+05
                                5711,82672750407710        -5,698e+03
                             -126738,79095821765077         1,268e+05
                               41335,08865579471603        -4,132e+04
                               17935,63395621671225        -1,792e+04
                               49357,82129402474675        -4,934e+04
                             -107238,61244142999931         1,073e+05
                              107789,00579462705355        -1,078e+05
                              -66510,63851108362724         6,653e+04
                               17846,33615710983941        -1,782e+04
                                                                     
   23    100000    0,511943        0,37533469943966         6,247e-01
                                   9,18512644344297        -7,185e+00
                                1593,52885700385877        -1,591e+03
                              -46783,80121659065480         4,679e+04
                              535571,86136022896972        -5,356e+05
                            -3141740,77055191854015         3,142e+06
                            10059695,44830758869648        -1,006e+07
                           -16203218,97632830217481         1,620e+07
                             5806440,61229111999273        -5,806e+06
                            18126187,48630612343550        -1,813e+07
                           -17396543,29104067385197         1,740e+07
                            -7855897,29772604815662         7,856e+06
                              138478,52257490283228        -1,385e+05
                            26460627,41288600116968        -2,646e+07
                           -15378704,61064861342311         1,538e+07
                             3521296,83232673676684        -3,521e+06
                            -3403216,33096745191142         3,403e+06
                           -27674663,62548912689090         2,767e+07
                            36423326,11824635416269        -3,642e+07
                             4829602,78950963914394        -4,830e+06
                           -22117241,01505155488849         2,212e+07
                             6658342,19492991082370        -6,658e+06
                              657116,85153617628384        -6,571e+05
                                                                     
   24    100000    0,537039        0,99589475118510         4,105e-03
                                   2,56292532867682        -5,629e-01
                                 -15,90576075158642         1,891e+01
                                 273,79372906310010        -2,698e+02
                               -2003,45384535947937         2,008e+03
                                8526,93825019318137        -8,521e+03
                              -21053,64702231852425         2,106e+04
                               29177,99822468987259        -2,917e+04
                              -20748,18937147283941         2,076e+04
                               12291,95827483179710        -1,228e+04
                              -20067,06957604442141         2,008e+04
                               11473,74044278249130        -1,146e+04
                               13806,32245386406976        -1,379e+04
                               -1358,55663332254176         1,373e+03
                              -14381,42277732765251         1,440e+04
                                -113,63548567183059         1,296e+02
                              -20950,08658749853566         2,097e+04
                               26536,49388757921042        -2,652e+04
                               45282,30881122095889        -4,526e+04
                              -67178,57937276049051         6,720e+04
                               16200,77026713910709        -1,618e+04
                               -2796,43497379597784         2,818e+03
                               13829,56504559448331        -1,381e+04
                               -6436,46913901176868         6,460e+03
                                                                     
   25    100000    0,613049       -5,43406467372733         6,434e+00
                                 521,79720431481815        -5,198e+02
                              -12045,42268664474614         1,205e+04
                              116143,08219784178073        -1,161e+05
                             -484920,71278126002289         4,849e+05
                              272661,69739578064764        -2,727e+05
                             5323553,69523531291634        -5,324e+06
                           -21637540,78270591795444         2,164e+07
                            37291828,13789390772581        -3,729e+07
                           -29910150,74639384448528         2,991e+07
                            15530252,37881132028997        -1,553e+07
                           -28055983,27335844933987         2,806e+07
                            31028755,59023032337427        -3,103e+07
                             8223301,32206021994352        -8,223e+06
                           -30205591,77563198283315         3,021e+07
                            28891433,29127142578363        -2,889e+07
                           -46525127,99318011105061         4,653e+07
                            26850316,60755434259772        -2,685e+07
                            26234480,46117929369211        -2,623e+07
                           -10535634,83258986473083         1,054e+07
                           -31623313,42948024719954         3,162e+07
                             4944992,48328084312379        -4,945e+06
                            37243120,89558108150959        -3,724e+07
                           -30440197,52024628967047         3,044e+07
                             7479470,28658977802843        -7,479e+06
                                                                     
   26    100000    0,404941        0,84663605728934         1,534e-01
                                  17,96672706108268        -1,597e+01
                                -363,62276062817574         3,666e+02
                                2953,21210689772624        -2,949e+03
                               -5893,99888236883999         5,899e+03
                              -41007,20075331279804         4,101e+04
                              262627,28655133611755        -2,626e+05
                             -554758,00223915115930         5,548e+05
                              271537,45153669652063        -2,715e+05
                              605854,58277107018512        -6,058e+05
                             -412227,36791690066457         4,122e+05
                            -1052220,74681609100662         1,052e+06
                              975873,16277093708050        -9,759e+05
                              599526,67493361001834        -5,995e+05
                            -1004547,25423675542697         1,005e+06
                             1568442,71539573720656        -1,568e+06
                            -2632031,81747207278386         2,632e+06
                             1050982,73803654802032        -1,051e+06
                              917003,37884094705805        -9,170e+05
                               -8593,21737978561396         8,613e+03
                             -824951,39384222438093         8,250e+05
                              179286,50365044403588        -1,793e+05
                              -48058,16014817751420         4,808e+04
                              323400,56219434831291        -3,234e+05
                             -206944,33583486464340         2,070e+05
                               34441,08623765561060        -3,442e+04
                                                                     
   27    100000    0,470140     7295,60269045347559        -7,295e+03
                             -731802,95734924427234         7,318e+05
                            18814974,11597869172692        -1,881e+07
                          -210290104,60073643922806         2,103e+08
                          1217073283,56586813926697        -1,217e+09
                         -3796094719,78739118576050         3,796e+09
                          5616500112,61324405670166        -5,617e+09
                           -10801771,87633263692260         1,080e+07
                        -12163723175,12142372131348         1,216e+10
                         15253351067,37978744506836        -1,525e+10
                         -3730598914,67547082901001         3,731e+09
                         -7804818433,44817733764648         7,805e+09
                         11826191410,23842048645020        -1,183e+10
                         -2454454223,56721353530884         2,454e+09
                        -16499232530,75861549377441         1,650e+10
                          7965282292,43993949890137        -7,965e+09
                         21528349586,34233856201172        -2,153e+10
                        -21823441371,11883544921875         2,182e+10
                          6847100293,69678783416748        -6,847e+09
                         -4035815674,67984914779663         4,036e+09
                          2331859638,55892229080200        -2,332e+09
                         -2697272138,44328689575195         2,697e+09
                          3200878572,49048805236816        -3,201e+09
                           176557050,32592511177063        -1,766e+08
                           993568267,33771252632141        -9,936e+08
                         -2886145342,73689031600952         2,886e+09
                          1137882925,51572990417480        -1,138e+09
                                                                     
   28    100000    0,576565      207,35588274947514        -2,064e+02
                              -21543,52089977795549         2,155e+04
                              577003,38811853120569        -5,770e+05
                            -7142108,92278448585421         7,142e+06
                            48910895,87643956393003        -4,891e+07
                          -194172451,03838643431664         1,942e+08
                           427968765,45646965503693        -4,280e+08
                          -412120552,59266227483749         4,121e+08
                           -91589469,55853033065796         9,159e+07
                           316207175,84694051742554        -3,162e+08
                           193049944,13860744237900        -1,930e+08
                          -137915044,28832921385765         1,379e+08
                          -338248254,76246142387390         3,382e+08
                           209958684,47694614529610        -2,100e+08
                         -1174457388,74989914894104         1,174e+09
                          1546172261,40270447731018        -1,546e+09
                           545420484,63194203376770        -5,454e+08
                           295759631,13720506429672        -2,958e+08
                         -2005087507,06272959709167         2,005e+09
                          -529915265,51664400100708         5,299e+08
                           709767160,38314294815063        -7,098e+08
                          1674325988,86797332763672        -1,674e+09
                         -1083514373,19585084915161         1,084e+09
                           386982053,63685315847397        -3,870e+08
                          -477711377,92936426401138         4,777e+08
                           -89335746,05786590278149         8,934e+07
                           175716925,23882877826691        -1,757e+08
                            10415109,18614785559475        -1,042e+07
                                                                     
   29    100000    0,497331        1,03280318270557        -3,280e-02
                                  -2,00279587349882         4,003e+00
                                 120,22004559775372        -1,172e+02
                               -1428,89541357408484         1,433e+03
                                9391,29410920620285        -9,386e+03
                              -38258,64601172949915         3,826e+04
                              103319,56858002404624        -1,033e+05
                             -168632,35308243113104         1,686e+05
                               87918,82876916210807        -8,791e+04
                              186252,44155473203864        -1,862e+05
                             -264894,14348679682007         2,649e+05
                              -98818,98787804789026         9,883e+04
                              358220,70142845058581        -3,582e+05
                             -137852,32776555349119         1,379e+05
                             -430831,11955555883469         4,308e+05
                              892809,10820086696185        -8,928e+05
                             -509654,26633609889541         5,097e+05
                              172747,36030575592304        -1,727e+05
                              -66160,72889148988179         6,618e+04
                             -786583,47784730675630         7,866e+05
                             -207569,35813975654310         2,076e+05
                             1764196,29170254897326        -1,764e+06
                               68859,26588863877987        -6,884e+04
                             -554096,43670738162473         5,541e+05
                            -1325435,23495757835917         1,325e+06
                              287038,56467658741167        -2,870e+05
                             1313250,82218456245027        -1,313e+06
                             -689200,23999469785485         6,892e+05
                               35727,89601910911733        -3,570e+04
                                                                     
   30    100000    0,609501        1,11309990526985        -1,131e-01
                                 -11,64691572526008         1,365e+01
                                 389,40325119992701        -3,864e+02
                               -4531,09987413827184         4,535e+03
                               27092,60525364522255        -2,709e+04
                              -88610,17539216027944         8,862e+04
                              153798,73061214995687        -1,538e+05
                             -102142,70658585520869         1,022e+05
                              -65687,08641587899183         6,570e+04
                               93849,04174055256590        -9,384e+04
                              109600,30163029818505        -1,096e+05
                             -243309,46346352878027         2,433e+05
                              141845,30477143730968        -1,418e+05
                               34924,94710502202361        -3,491e+04
                             -101950,58293061717995         1,020e+05
                             -117381,02099192133755         1,174e+05
                              400496,68024894309929        -4,005e+05
                               30462,17204762421898        -3,044e+04
                             -702196,29138868220616         7,022e+05
                               85172,64892304148816        -8,515e+04
                              660893,63097470591310        -6,609e+05
                              -52241,00188527600403         5,226e+04
                               26848,00861601136421        -2,683e+04
                             -496193,54269759188173         4,962e+05
                             -373757,43705794174457         3,738e+05
                              764018,28782793064602        -7,640e+05
                              107371,92527113505639        -1,073e+05
                             -345247,45770606759470         3,453e+05
                               13873,34002620174033        -1,384e+04
                               43086,28769952731818        -4,306e+04
                                                                     
   31    100000    0,586869        2,59399805202354        -1,594e+00
                                 -87,74461305962599         8,974e+01
                                1015,03590968206447        -1,012e+03
                                 244,21439638073238        -2,402e+02
                              -59343,05099777908617         5,935e+04
                              368951,19848362717312        -3,689e+05
                            -1003841,66392131161410         1,004e+06
                             1402215,68919858243316        -1,402e+06
                            -1409767,35410198615864         1,410e+06
                             2235924,07426402997226        -2,236e+06
                            -2667139,82066295575351         2,667e+06
                              792843,13285170367453        -7,928e+05
                            -2163591,27424495434389         2,164e+06
                             5960343,50779520627111        -5,960e+06
                             -536900,46416203363333         5,369e+05
                            -4023574,22683922108263         4,024e+06
                            -3447701,99954745080322         3,448e+06
                             3895088,27309101494029        -3,895e+06
                             1593589,89099227450788        -1,594e+06
                             1730011,34877573046833        -1,730e+06
                            -2515588,99869302334264         2,516e+06
                            -2160416,78531097387895         2,160e+06
                             7398334,08024264592677        -7,398e+06
                            -7154334,86025526747108         7,154e+06
                            -3565515,98643339844421         3,566e+06
                             4181018,42910501779988        -4,181e+06
                             5343246,11411728523672        -5,343e+06
                            -3583997,60808079503477         3,584e+06
                             -850419,57859907741658         8,504e+05
                             -425560,10704444965813         4,256e+05
                              665450,32467093796004        -6,654e+05
                                                                     
   32    100000    0,674063       -0,43907076308461         1,439e+00
                                 165,97582683616497        -1,640e+02
                               -4577,44028250489373         4,580e+03
                               52144,87772096750268        -5,214e+04
                             -284300,45790874882368         2,843e+05
                              723159,03690280835144        -7,232e+05
                             -375090,40148208016763         3,751e+05
                            -2162226,04764758888632         2,162e+06
                             4465328,18849737942219        -4,465e+06
                            -1128831,55571434437297         1,129e+06
                            -5823917,73010796215385         5,824e+06
                             7051431,41229597851634        -7,051e+06
                               75069,27081994491164        -7,506e+04
                            -5569176,73408268205822         5,569e+06
                             -896725,08375795150641         8,967e+05
                             8693289,95395730249584        -8,693e+06
                            -6067952,60698903258890         6,068e+06
                             5024651,69155650306493        -5,025e+06
                            -4097980,29542502714321         4,098e+06
                            -1111833,33376653119922         1,112e+06
                            -1796710,03018261166289         1,797e+06
                             4038702,62930365232751        -4,039e+06
                              657500,96564909454901        -6,575e+05
                            -5770116,94765044655651         5,770e+06
                             1139209,01088273804635        -1,139e+06
                            11708499,00123380124569        -1,171e+07
                             -407667,14335328573361         4,077e+05
                           -12859803,76344324275851         1,286e+07
                            -3113817,32188803656027         3,114e+06
                             7371033,35753145441413        -7,371e+06
                             3955396,66109063476324        -3,955e+06
                            -3484326,28695773519576         3,484e+06
                                                                     
   33    100000    0,756072     -194,04171850544063         1,950e+02
                               12747,38078739083721        -1,275e+04
                             -274776,04890881280880         2,748e+05
                             2734763,07976805930957        -2,735e+06
                           -13259665,38147636316717         1,326e+07
                            20981497,43788702785969        -2,098e+07
                            94299695,42098881304264        -9,430e+07
                          -601372071,46820962429047         6,014e+08
                          1431241108,61906075477600        -1,431e+09
                         -1440477393,28711843490601         1,440e+09
                          -348227087,43242442607880         3,482e+08
                          1936382355,95965337753296        -1,936e+09
                          -767120932,70804166793823         7,671e+08
                          -725356634,01454067230225         7,254e+08
                           -27558518,02193037793040         2,756e+07
                           208255263,48358952999115        -2,083e+08
                           316312507,11832940578461        -3,163e+08
                           706047837,61331439018250        -7,060e+08
                          -641438013,26859474182129         6,414e+08
                          -696648778,25524771213531         6,966e+08
                           591317396,91550636291504        -5,913e+08
                            98066192,60162243247032        -9,807e+07
                          -395463904,41427630186081         3,955e+08
                           -69189726,21432745456696         6,919e+07
                           391764154,13415277004242        -3,918e+08
                            87631076,73346726596355        -8,763e+07
                            85258589,53426787257195        -8,526e+07
                           -15373056,86324044875801         1,537e+07
                            87107831,41896298527718        -8,711e+07
                          -993822550,10829317569733         9,938e+08
                           320993792,18474996089935        -3,210e+08
                           770411307,34072422981262        -7,704e+08
                          -413234055,30278170108795         4,132e+08
                                                                     
   34    100000    0,807796        0,99960751566894         3,925e-04
                                   2,06167983299765        -6,168e-02
                                   1,02332667869684         1,977e+00
                                  28,41281295846646        -2,441e+01
                                -138,18804993354354         1,432e+02
                                 414,95189167456687        -4,090e+02
                                -399,69755516465619         4,067e+02
                                -557,83267894486619         5,658e+02
                                1498,79990945889244        -1,490e+03
                                 -35,13146225869934         4,513e+01
                               -2216,52340878690302         2,228e+03
                                1876,81486667890067        -1,865e+03
                               -1048,98886395639397         1,062e+03
                                2005,16466554104022        -1,991e+03
                               -1086,90409599283271         1,102e+03
                               -2477,38450246748653         2,493e+03
                                4078,29873992263992        -4,061e+03
                                -772,75018717148237         7,908e+02
                               -1477,34172532227512         1,496e+03
                               -1250,22447349827326         1,270e+03
                                1543,16877674475177        -1,522e+03
                                2372,66655737496558        -2,351e+03
                               -3871,47086807617097         3,894e+03
                                3016,77318628111834        -2,993e+03
                               -1400,12409901490355         1,425e+03
                                -690,87619932201903         7,169e+02
                                2834,51111896462407        -2,808e+03
                               -2938,26225409303470         2,966e+03
                                1856,47160157744929        -1,827e+03
                                -338,91265177354921         3,689e+02
                               -3943,87380286017242         3,975e+03
                                7097,82208724623524        -7,066e+03
                               -4314,11692386376035         4,347e+03
                                 925,66314181634891        -8,917e+02
                                                                     
   35    100000    0,727661     -414,44730310656507         4,154e+02
                               42493,63919901199552        -4,249e+04
                            -1204847,67557339370251         1,205e+06
                            14887446,75105657055974        -1,489e+07
                           -92210663,31730550527573         9,221e+07
                           291400522,74816238880157        -2,914e+08
                          -389609238,97422349452972         3,896e+08
                          -109490233,72362902760506         1,095e+08
                           672943593,35842931270599        -6,729e+08
                           130307282,61112576723099        -1,303e+08
                         -1134341356,35642242431641         1,134e+09
                           449685842,76471281051636        -4,497e+08
                          -226348005,85394513607025         2,263e+08
                            41123009,09502212703228        -4,112e+07
                          2148600343,27250909805298        -2,149e+09
                         -1226273814,92203044891357         1,226e+09
                         -1411370193,32183909416199         1,411e+09
                           678836043,85455739498138        -6,788e+08
                         -2108696125,55313754081726         2,109e+09
                          1420056272,57627868652344        -1,420e+09
                          3196179891,59894227981567        -3,196e+09
                          -108382059,41853274405003         1,084e+08
                         -1192075712,35112929344177         1,192e+09
                         -3490976642,61258363723755         3,491e+09
                          2500206023,19591999053955        -2,500e+09
                          -658392231,80439317226410         6,584e+08
                         -3153414034,97557544708252         3,153e+09
                          3637317504,80364418029785        -3,637e+09
                          6044000957,06687831878662        -6,044e+09
                         -4353872431,00823688507080         4,354e+09
                         -3763603957,03164386749268         3,764e+09
                          1038866392,45295989513397        -1,039e+09
                          -938887404,32714545726776         9,389e+08
                          4008463332,70324563980103        -4,008e+09
                         -1913766765,84711503982544         1,914e+09
                                                                     
   36    100000    0,785698        0,99827944170000         1,721e-03
                                   2,09008625070413        -9,009e-02
                                   1,68306666968480         1,317e+00
                                  21,85175486971109        -1,785e+01
                                -207,80907658400099         2,128e+02
                                1366,98061278199361        -1,361e+03
                               -4019,00671057211412         4,026e+03
                                2950,31780370719207        -2,942e+03
                               11333,24775828398924        -1,132e+04
                              -24337,33741578834452         2,435e+04
                                2492,17481940584639        -2,481e+03
                               29928,86649484224836        -2,992e+04
                              -20582,50496080617086         2,060e+04
                                1929,52457000650998        -1,916e+03
                               -1226,91142775388812         1,242e+03
                                1553,10181988363115        -1,537e+03
                              -14648,16614410782495         1,467e+04
                               -2370,82364941885817         2,389e+03
                               10215,88832587194884        -1,020e+04
                               46539,62404227180377        -4,652e+04
                              -17965,26981435222115         1,799e+04
                              -16457,90426102143829         1,648e+04
                              -24643,97742358259347         2,467e+04
                              -21244,17982161511100         2,127e+04
                               13055,80785029721483        -1,303e+04
                               32893,82516545079852        -3,287e+04
                                4915,63213591918429        -4,889e+03
                               39523,81809061587410        -3,950e+04
                              -30659,38206699407965         3,069e+04
                              -45647,04911401167919         4,568e+04
                               13373,67229293593846        -1,334e+04
                               -1909,99464640448628         1,942e+03
                                7049,17240978017708        -7,016e+03
                               23781,21054330289917        -2,375e+04
                              -16432,97327424647301         1,647e+04
                                  89,79649158837113        -5,380e+01
                                                                     
   37    100000    0,705512      170,56938916061867        -1,696e+02
                              -12339,68010769611647         1,234e+04
                              264180,20112386986148        -2,642e+05
                            -2530284,29289804818109         2,530e+06
                            12410476,95751676708460        -1,241e+07
                           -31595176,45657157897949         3,160e+07
                            37556527,40844044089317        -3,756e+07
                           -26999912,49213153496385         2,700e+07
                           113962648,25757168233395        -1,140e+08
                          -326250718,86246114969254         3,263e+08
                           300389374,31767326593399        -3,004e+08
                            46729527,63799589127302        -4,673e+07
                            30735457,55966327711940        -3,074e+07
                          -488312118,43666291236877         4,883e+08
                           103031546,49413961172104        -1,030e+08
                           603760338,18533086776733        -6,038e+08
                           -74746484,23016105592251         7,475e+07
                          -500191529,43685388565063         5,002e+08
                           -75170432,69018718600273         7,517e+07
                           176111836,72801157832146        -1,761e+08
                           270404814,28405225276947        -2,704e+08
                           -32172685,26459367200732         3,217e+07
                           129820707,06108081340790        -1,298e+08
                          -773954591,79531764984131         7,740e+08
                           412497408,54282122850418        -4,125e+08
                           521044237,23818510770798        -5,210e+08
                          -265110811,47902309894562         2,651e+08
                          -449238292,40760171413422         4,492e+08
                            84939318,34268859028816        -8,494e+07
                           389540543,91617339849472        -3,895e+08
                          -154600372,72059527039528         1,546e+08
                          -247025193,70278075337410         2,470e+08
                           148513722,55526563525200        -1,485e+08
                           435991169,27051001787186        -4,360e+08
                          -359109613,15563154220581         3,591e+08
                          -155974588,77576223015785         1,560e+08
                           145291994,08112519979477        -1,453e+08
                                                                     
   38    100000    0,803731        0,81717422275672         1,828e-01
                                  15,74939051490898        -1,375e+01
                                -229,66271624878797         2,327e+02
                                1081,40818929435295        -1,077e+03
                                5199,84410519681660        -5,195e+03
                              -74015,05097759202181         7,402e+04
                              321998,15331500646425        -3,220e+05
                             -673476,96493410528637         6,735e+05
                              571396,34221078595147        -5,714e+05
                              179466,53765864385059        -1,795e+05
                             -377139,55130586336600         3,772e+05
                             -484922,93657978548435         4,849e+05
                              593955,19030442286748        -5,939e+05
                               78596,25692805497965        -7,858e+04
                              453295,43960668286309        -4,533e+05
                             -497814,03627794206841         4,978e+05
                            -1066079,08380354032852         1,066e+06
                              574657,72045184636954        -5,746e+05
                              725674,55432166310493        -7,257e+05
                              845891,87818767235149        -8,459e+05
                             -531974,94513360690325         5,320e+05
                            -1547558,96906426362693         1,548e+06
                             -839935,82205835916102         8,400e+05
                             2094683,05912159592845        -2,095e+06
                             -352445,07341213925974         3,525e+05
                              677615,69617506046779        -6,776e+05
                              388124,03555345220957        -3,881e+05
                             -812003,75623228226323         8,120e+05
                             -241829,70343803742435         2,419e+05
                             -232662,75964950185153         2,327e+05
                             -942916,97694961063098         9,429e+05
                              243905,60987236094661        -2,439e+05
                              627245,95637537492439        -6,272e+05
                             1172382,12619504379109        -1,172e+06
                              823135,72972678265069        -8,231e+05
                            -2248733,44328804826364         2,249e+06
                               21879,81938398747661        -2,184e+04
                              524277,96880509459879        -5,242e+05
                                                                     
   39    100000    0,869807        1,10330150128821        -1,033e-01
                                  -9,51738307274615         1,152e+01
                                 316,16271013482276        -3,132e+02
                               -3499,19617920872315         3,503e+03
                               18918,35267795703840        -1,891e+04
                              -47550,48495511541842         4,756e+04
                               23143,36932197857823        -2,314e+04
                              135686,18928249567398        -1,357e+05
                             -237927,75834516654140         2,379e+05
                               14221,33482133541293        -1,421e+04
                              139319,43541960295988        -1,393e+05
                               85603,84230156814738        -8,559e+04
                              -36128,10238801295054         3,614e+04
                             -120293,08557336303056         1,203e+05
                              -57113,32962765633420         5,713e+04
                             -315168,94864109979244         3,152e+05
                              587911,73038473259658        -5,879e+05
                             -163242,16573870158754         1,633e+05
                              361533,67271868756507        -3,615e+05
                             -506688,73483152064728         5,067e+05
                              355513,92511703935452        -3,555e+05
                             -304889,18657178437570         3,049e+05
                             -117593,68129817917361         1,176e+05
                                2590,72148713930710        -2,567e+03
                             -578612,88666507566813         5,786e+05
                              968098,78702816064470        -9,681e+05
                              448201,44639028469101        -4,482e+05
                             -204532,88544655533042         2,046e+05
                             -181022,17264160266495         1,811e+05
                             -573703,34280195331667         5,737e+05
                               37504,74586682466906        -3,747e+04
                             -286198,69251652876846         2,862e+05
                              671342,73473445605487        -6,713e+05
                              233883,09013016780955        -2,338e+05
                             -571666,70731862355024         5,717e+05
                              154273,73937359213596        -1,542e+05
                              710202,95939302782062        -7,102e+05
                            -1033660,08048230828717         1,034e+06
                              392013,63859707344091        -3,920e+05
                                                                     
   40    100000    0,792532        1,00107359551492        -1,074e-03
                                   1,93893162955105         6,107e-02
                                   3,06631541450539        -6,632e-02
                                  20,88761767156061        -1,689e+01
                                -186,94155892158091         1,919e+02
                                 832,88603822789617        -8,269e+02
                               -1311,21576327965295         1,318e+03
                                -738,16357219168196         7,462e+02
                                4228,23425009687253        -4,219e+03
                               -1080,16490679309277         1,090e+03
                               -7478,08107238208140         7,489e+03
                                8741,37283179060250        -8,729e+03
                               -4971,46099417798177         4,984e+03
                                7116,06290166888448        -7,102e+03
                              -12080,10349727136781         1,210e+04
                                3459,41012667777795        -3,443e+03
                               19976,75683480898078        -1,996e+04
                              -17549,91109321800468         1,757e+04
                                7076,01458870813167        -7,057e+03
                              -22278,64160969978184         2,230e+04
                                4478,92830477847747        -4,458e+03
                                 559,92410181047455        -5,379e+02
                               34422,71657649042754        -3,440e+04
                               -9066,68714858766180         9,091e+03
                              -12897,39753859045231         1,292e+04
                               -4132,92053806975309         4,159e+03
                                1184,51185800334497        -1,158e+03
                                3033,53579757307216        -3,006e+03
                              -21037,67254694565781         2,107e+04
                               33152,03560184648813        -3,312e+04
                              -12470,22715115693063         1,250e+04
                                3931,63374253296024        -3,900e+03
                               -9765,40651811847056         9,798e+03
                               -6669,81799346865500         6,704e+03
                                7043,97684517814741        -7,009e+03
                               26281,07478495436226        -2,625e+04
                              -17140,15128686078242         1,718e+04
                               -4207,82438886685577         4,246e+03
                               -7206,78791069504223         7,246e+03
                                7543,61581135365213        -7,504e+03
                                                                     
   41    100000    0,723549        0,99788597059147         2,114e-03
                                   2,10799566354821        -1,080e-01
                                   2,44046893179665         5,595e-01
                                 -10,75743752464319         1,476e+01
                                 205,57882226241816        -2,006e+02
                               -1057,97541194631208         1,064e+03
                                2841,51872253725151        -2,835e+03
                               -2960,35988615428232         2,968e+03
                               -4061,00403841450179         4,070e+03
                               17358,78927181445397        -1,735e+04
                              -21142,17824392040711         2,115e+04
                                4279,58622618757454        -4,268e+03
                               14022,46022686510878        -1,401e+04
                               -7639,48790262682451         7,653e+03
                              -14270,08766910880149         1,429e+04
                               19732,69611666233322        -1,972e+04
                                1912,21295504980822        -1,895e+03
                              -23038,20397360939387         2,306e+04
                               22489,43897897903298        -2,247e+04
                               -7857,64028796703678         7,878e+03
                              -19653,65003663031166         1,967e+04
                               32580,07707652823592        -3,256e+04
                                 733,78455723664524        -7,108e+02
                              -22979,57332423791740         2,300e+04
                               -1039,67336619448361         1,065e+03
                                4772,00130248009373        -4,746e+03
                               26409,67344524001965        -2,638e+04
                              -22900,43367106284131         2,293e+04
                                9958,26937998767789        -9,929e+03
                              -29063,40117444630960         2,909e+04
                                6040,77072999577649        -6,010e+03
                               12250,94211384138907        -1,222e+04
                               19779,08090930511389        -1,975e+04
                                5376,75518804059539        -5,343e+03
                              -26227,02575065622295         2,626e+04
                                 398,71592078140321        -3,627e+02
                              -15818,93938833833454         1,586e+04
                               27558,63658889549697        -2,752e+04
                              -13602,33081285482149         1,364e+04
                               11287,65434615422237        -1,125e+04
                               -5810,47310293363989         5,851e+03
                                                                     
   42    100000    0,954184        1,66525599161110        -6,653e-01
                                  -7,10917125993824         9,109e+00
                                -656,65956279672309         6,597e+02
                               17217,92340134402912        -1,721e+04
                             -173557,06345869397046         1,736e+05
                              877277,90404251206201        -8,773e+05
                            -2185401,32702064560726         2,185e+06
                             1586626,18116920231842        -1,587e+06
                             3814256,82020048424602        -3,814e+06
                            -6849973,91401602234691         6,850e+06
                            -2409409,96353780524805         2,409e+06
                             9790940,49369927309453        -9,791e+06
                            -1238351,71300084120594         1,238e+06
                            -1922043,51734448783100         1,922e+06
                            -4281481,71860078908503         4,281e+06
                              945395,81836038327310        -9,454e+05
                             1949007,52048582816496        -1,949e+06
                            -2982389,38296912796795         2,982e+06
                              639080,40303412673529        -6,391e+05
                             6703190,46969915553927        -6,703e+06
                             4061800,50781879946589        -4,062e+06
                            -3090327,00697652390227         3,090e+06
                            -2434549,91842503612861         2,435e+06
                           -21825172,35289457812905         2,183e+07
                            14606687,94161510840058        -1,461e+07
                            -2839346,58140951348469         2,839e+06
                            18943167,32349963113666        -1,894e+07
                            -4521030,28725268039852         4,521e+06
                              190848,29872934235027        -1,908e+05
                            -5944612,37073609791696         5,945e+06
                            -6974499,83471784740686         6,975e+06
                            -8776413,22889972105622         8,776e+06
                            14408164,97783351503313        -1,441e+07
                            12888536,38748910650611        -1,289e+07
                           -17482792,05848579481244         1,748e+07
                             3487192,61986017366871        -3,487e+06
                             3892670,34424809459597        -3,893e+06
                            -4844413,27634639106691         4,844e+06
                             7696409,68869471270591        -7,696e+06
                           -15632440,53560767881572         1,563e+07
                            14475817,33249528892338        -1,448e+07
                            -4564519,43722635507584         4,565e+06
                                                                     
   43    100000    0,812911        0,99938512693602         6,149e-04
                                   2,04973671353177        -4,974e-02
                                   2,18219946392267         8,178e-01
                                   5,85753521809416        -1,858e+00
                                  55,93568743536618        -5,094e+01
                                -482,56311959773348         4,886e+02
                                1978,28260342214844        -1,971e+03
                               -4082,66795031828860         4,091e+03
                                3889,26535656337728        -3,880e+03
                                -196,92166612543508         2,069e+02
                                -725,96935255749440         7,370e+02
                               -4852,06896138578486         4,864e+03
                                8336,42354462283038        -8,323e+03
                               -3840,85625885097897         3,855e+03
                               -2051,00939305207703         2,066e+03
                                4564,83680734409518        -4,549e+03
                               -3650,84955533956509         3,668e+03
                                3754,80192382592031        -3,737e+03
                               -3672,47923659501430         3,691e+03
                               -3110,83297639480361         3,131e+03
                                 615,64660795175234        -5,946e+02
                                9639,84875491599087        -9,618e+03
                               -2843,71602133724764         2,867e+03
                                -460,71466674079375         4,847e+02
                               -2827,96726468735596         2,853e+03
                               -1524,33550030998185         1,550e+03
                               -2313,37427422341580         2,340e+03
                                -928,17213680480370         9,562e+02
                                8430,93094904190184        -8,402e+03
                               -1322,08176461669495         1,352e+03
                                -161,71304657243047         1,927e+02
                                 679,31020178253323        -6,473e+02
                               -3664,85860888230036         3,698e+03
                               -3649,53232227014905         3,684e+03
                                7655,84519116979482        -7,621e+03
                               -1057,78897871416757         1,094e+03
                                 359,17199393396089        -3,222e+02
                                 234,30263821721047        -1,963e+02
                               -5439,94849205368428         5,479e+03
                                -168,81357991816813         2,088e+02
                                3572,23581173333423        -3,531e+03
                                2796,54259278432892        -2,755e+03
                               -2599,23603467811472         2,642e+03
                                                                     
   44    100000    0,927206        1,01116051702395        -1,116e-02
                                   1,11235774226888         8,876e-01
                                  18,41947169530377        -1,542e+01
                                 -77,81205356065649         8,181e+01
                                 -78,96154573449463         8,396e+01
                                2314,40195150726231        -2,308e+03
                               -8696,18276169004275         8,703e+03
                               13465,28503196341808        -1,346e+04
                               -4459,72490792256849         4,469e+03
                              -12885,49489892058045         1,290e+04
                               21039,36129735066788        -2,103e+04
                              -19069,18548429058501         1,908e+04
                               -4123,85060344479098         4,137e+03
                               42115,58317881912808        -4,210e+04
                              -16586,36548361294263         1,660e+04
                              -42001,08337487798417         4,202e+04
                                5623,69356688969674        -5,607e+03
                               48450,01581540964253        -4,843e+04
                              -42349,67409591633623         4,237e+04
                               31494,20539751359684        -3,147e+04
                               17514,38598770172393        -1,749e+04
                              -36761,67750542252907         3,678e+04
                                5800,06758481822544        -5,777e+03
                               14471,20157787445169        -1,445e+04
                              -34047,94997232095920         3,407e+04
                              -61963,07488615030888         6,199e+04
                               45294,66745682222972        -4,527e+04
                               79639,91422530077398        -7,961e+04
                               45179,95908304792829        -4,515e+04
                              -68086,32972299247922         6,812e+04
                              -16997,31311429679408         1,703e+04
                              -28813,74865713432519         2,885e+04
                                 788,17541878521797        -7,552e+02
                               27949,36320422773133        -2,792e+04
                              -18731,05232288006300         1,877e+04
                               17867,00853747570727        -1,783e+04
                              -42746,35496035620599         4,278e+04
                               23389,84256959005143        -2,335e+04
                               73473,10655937275442        -7,343e+04
                              -31732,40457893339408         3,177e+04
                              -53854,34228742295090         5,390e+04
                               59944,24223060531949        -5,990e+04
                              -55996,25897216508019         5,604e+04
                               25213,80495506928855        -2,517e+04
                                                                     
   45    100000    0,894866        0,99975924742078         2,408e-04
                                   2,02346087527771        -2,346e-02
                                   2,44955686308690         5,504e-01
                                   9,15330475131125        -5,153e+00
                                 -16,56396740868704         2,156e+01
                                  36,57220510959518        -3,057e+01
                                  58,91284729164995        -5,191e+01
                                -198,20534941332784         2,062e+02
                                 182,56575106224827        -1,736e+02
                                 -93,34296126117830         1,033e+02
                                 507,88160337873990        -4,969e+02
                                -614,45841388682800         6,265e+02
                                  35,29410493221452        -2,229e+01
                                 -47,04442779529104         6,104e+01
                                 241,14581332753465        -2,261e+02
                                 332,06719826751180        -3,161e+02
                                -120,03454031004890         1,370e+02
                                 175,17040395097737        -1,572e+02
                                -456,85655404863888         4,759e+02
                                 -59,03596036513321         7,904e+01
                                   2,55025948995769         1,845e+01
                                 162,63375533649125        -1,406e+02
                                 264,22036301934997        -2,412e+02
                                -642,75091141796281         6,668e+02
                                 731,54298901066704        -7,065e+02
                                 761,81136203191318        -7,358e+02
                                -849,09954029972766         8,761e+02
                                -326,11968874726608         3,541e+02
                                 395,64223179006797        -3,666e+02
                                -149,17026761761539         1,792e+02
                                 781,57638846518739        -7,506e+02
                                -892,91066365602398         9,249e+02
                                -516,79272797026033         5,498e+02
                                 737,68868385022836        -7,037e+02
                                 565,07239599705315        -5,301e+02
                                  13,20407938468323         2,280e+01
                                 108,30769982702101        -7,131e+01
                                -588,47715786415381         6,265e+02
                                -316,27896344493456         3,553e+02
                                 567,02189909794379        -5,270e+02
                                 250,67882848076960        -2,097e+02
                                  -9,17783992201554         5,118e+01
                                 335,08916307033275        -2,921e+02
                                -777,90874153438483         8,219e+02
                                 447,95268677152478        -4,030e+02
                                                                     
   46    100000    1,084316       -3,93609534575652         4,936e+00
                                 533,77191856062882        -5,318e+02
                              -14219,22070560600332         1,422e+04
                              162948,38922476436710        -1,629e+05
                             -979858,73946199251805         9,799e+05
                             3360587,85753424558789        -3,361e+06
                            -6490176,93715956155211         6,490e+06
                             5357306,87159662414342        -5,357e+06
                             3480560,94492307864130        -3,481e+06
                            -9327094,28230611979961         9,327e+06
                             -774114,81491363339592         7,741e+05
                             6867142,24715975765139        -6,867e+06
                             8545769,38477065414190        -8,546e+06
                            -2755630,57261086907238         2,756e+06
                           -24744262,64546794071794         2,474e+07
                            15942736,67424086853862        -1,594e+07
                            -1529381,08600814384408         1,529e+06
                               73230,75706101165270        -7,321e+04
                             -455543,81689124897821         4,556e+05
                            10503022,50208090431988        -1,050e+07
                            11068290,58446799963713        -1,107e+07
                            23435349,76084778830409        -2,344e+07
                           -45380065,62400858849287         4,538e+07
                           -21512260,30914539471269         2,151e+07
                           -49344554,15779171884060         4,934e+07
                            45392520,45212201029062        -4,539e+07
                            45535580,03767892718315        -4,554e+07
                            32241040,73714441061020        -3,224e+07
                           -23267964,49108201265335         2,327e+07
                           -17886480,14401770755649         1,789e+07
                            13347509,26994876004755        -1,335e+07
                             -992068,63087861461099         9,921e+05
                           -31468950,67372731491923         3,147e+07
                            -4834445,74040055088699         4,834e+06
                           -14039700,89078657329082         1,404e+07
                             4468502,21418230235577        -4,468e+06
                           -18073989,51473813131452         1,807e+07
                            68179527,28368781507015        -6,818e+07
                           -17576591,38968604803085         1,758e+07
                            36506561,39285755902529        -3,651e+07
                           -12924027,38769937120378         1,292e+07
                           -52836829,28383352607489         5,284e+07
                            33959361,52259150892496        -3,396e+07
                           -38507120,52638018131256         3,851e+07
                            31466102,48078984022141        -3,147e+07
                            -4177757,53661622805521         4,178e+06
                                                                     
   47    100000    1,037378       -6,42579341359298         7,426e+00
                                -420,83818598280448         4,228e+02
                               14489,20494067181608        -1,449e+04
                              -84654,39505285817722         8,466e+04
                             -178029,05647949906415         1,780e+05
                             2492620,52095688367262        -2,493e+06
                            -4614138,96727204602212         4,614e+06
                            -7242378,50618919357657         7,242e+06
                            24976839,04014600440860        -2,498e+07
                             -489668,86860482173506         4,897e+05
                           -28958128,00730786472559         2,896e+07
                           -16368206,53829075768590         1,637e+07
                            18190568,31650265306234        -1,819e+07
                            39529691,59034511446953        -3,953e+07
                             8967694,00445132330060        -8,968e+06
                           -19895687,14725588262081         1,990e+07
                           -28358182,21370751038194         2,836e+07
                             7194455,46650600526482        -7,194e+06
                           -26103539,81190235167742         2,610e+07
                            -2816397,05677025765181         2,816e+06
                            35416277,81332828104496        -3,542e+07
                           -33204183,65052274614573         3,320e+07
                            49900654,39930164068937        -4,990e+07
                           -60868077,34699471294880         6,087e+07
                            86410497,00902652740479        -8,641e+07
                            72042077,83385348320007        -7,204e+07
                           -32247627,13886839896441         3,225e+07
                           -28747959,77152481302619         2,875e+07
                           -48114762,82125406712294         4,811e+07
                           -65674553,81128171086311         6,567e+07
                          -123689839,38907398283482         1,237e+08
                            61747104,54066762328148        -6,175e+07
                            13698533,80915394239128        -1,370e+07
                            22878134,81347803026438        -2,288e+07
                           125844320,53250661492348        -1,258e+08
                           107425262,04434439539909        -1,074e+08
                            -9127094,09604099579155         9,127e+06
                           118822273,56219269335270        -1,188e+08
                          -135672020,18588173389435         1,357e+08
                          -135264545,48036155104637         1,353e+08
                          -207343549,96847996115685         2,073e+08
                            50717103,55523733794689        -5,072e+07
                            51600817,82453789561987        -5,160e+07
                           111820762,11250406503677        -1,118e+08
                            50535009,43731994926929        -5,053e+07
                            60534865,55226203799248        -6,053e+07
                          -105695402,64531491696835         1,057e+08
                                                                     
   48    100000    1,196964        0,99904433406719         9,557e-04
                                   2,08838037696356        -8,838e-02
                                   1,06585687167194         1,934e+00
                                  20,47234036198166        -1,647e+01
                                 -52,66752667923571         5,767e+01
                                  29,68507008591219        -2,369e+01
                                 361,63144082902733        -3,546e+02
                                -635,11256575683160         6,431e+02
                                -975,97964187584944         9,850e+02
                                4434,18945322052150        -4,424e+03
                               -5112,47678121311128         5,123e+03
                                1392,26826774061510        -1,380e+03
                                2260,93643604968065        -2,248e+03
                               -3268,68278748418697         3,283e+03
                                1208,92247199844678        -1,194e+03
                                3046,83046651743598        -3,031e+03
                               -4658,96920984222561         4,676e+03
                                3046,42662937774730        -3,028e+03
                                3055,84774481238856        -3,037e+03
                               -6799,28946583236393         6,819e+03
                                 -78,89983467072496         9,990e+01
                                -764,14366265233821         7,861e+02
                                5808,21625711429806        -5,785e+03
                               -1491,36052758168239         1,515e+03
                                6464,68432161095916        -6,440e+03
                               -5164,70182238298003         5,191e+03
                               -4173,60573786053737         4,201e+03
                                -817,14645328990730         8,451e+02
                                5635,50123067762524        -5,607e+03
                               -6400,85895468186027         6,431e+03
                                 669,56140398819457        -6,386e+02
                                5623,31858194789493        -5,591e+03
                                -999,18168896696761         1,032e+03
                                -551,02999704305932         5,850e+02
                                1722,20532174575874        -1,687e+03
                                -775,32273904837677         8,113e+02
                               -6425,11088444025154         6,462e+03
                                7179,47954225539524        -7,141e+03
                                -648,22581387022808         6,872e+02
                                 505,47911007902809        -4,655e+02
                               -3984,31764375978082         4,025e+03
                                6325,32571522890066        -6,283e+03
                               -7432,82752165660168         7,476e+03
                                 -66,76282233370037         1,108e+02
                                3693,67572607851116        -3,649e+03
                                 354,91827360550275        -3,089e+02
                                1100,35717568598284        -1,053e+03
                               -1491,41416349605356         1,539e+03
                                                                     
   49    100000    1,384305        1,16668594609790        -1,667e-01
                                 -12,47372470546918         1,447e+01
                                 279,25127196864804        -2,763e+02
                               -1784,18346619950398         1,788e+03
                                2854,83286381014659        -2,850e+03
                                9324,95276140713577        -9,319e+03
                              -15892,35721216689672         1,590e+04
                              -81016,69424502544280         8,102e+04
                              170868,60862977305078        -1,709e+05
                               49620,47395907442842        -4,961e+04
                              -71066,17592436862469         7,108e+04
                             -348802,53913010522956         3,488e+05
                              -14727,73398919305328         1,474e+04
                              343602,86143120448105        -3,436e+05
                             -231581,83590100932634         2,316e+05
                             1327105,57220984227024        -1,327e+06
                             -411226,29379565495765         4,112e+05
                             -833181,27558351634070         8,332e+05
                            -1049483,19930461701006         1,050e+06
                             -452158,65044519869843         4,522e+05
                             2073794,50001477007754        -2,074e+06
                             -620193,75188719003927         6,202e+05
                             -429553,35584436816862         4,296e+05
                             1560928,51289069955237        -1,561e+06
                             1181458,44499963801354        -1,181e+06
                            -1225474,33282983489335         1,226e+06
                             -932680,66259894345421         9,327e+05
                              350611,05765495926607        -3,506e+05
                             -466473,84644932975061         4,665e+05
                            -2514982,53789468295872         2,515e+06
                              811171,20484200271312        -8,111e+05
                              303126,11841774266213        -3,031e+05
                              282863,43863527779467        -2,828e+05
                             3144856,90052167698741        -3,145e+06
                              808462,51688743196428        -8,084e+05
                            -1538731,63980904617347         1,539e+06
                              -24540,31380091139363         2,458e+04
                            -1362265,82666027592495         1,362e+06
                               73822,86604274214187        -7,378e+04
                             -580150,97914438659791         5,802e+05
                            -1037978,50272443064023         1,038e+06
                             1785351,01307214237750        -1,785e+06
                              332692,91705783002544        -3,326e+05
                              -77983,91917775454931         7,803e+04
                               16750,62192283752302        -1,671e+04
                            -1480211,30351382074878         1,480e+06
                              790396,10493548971135        -7,903e+05
                             1468257,35062896693125        -1,468e+06
                            -1084822,87568641616963         1,085e+06
                                                                     
