Size:     Iter:       Time:                            x:           x` - x:

negativ
    1         8    0,101009              1,00000000000004        -4,263e-14
                                         2,00000000000004        -4,396e-14
                                         3,00000000000004        -4,263e-14
                                         4,00000000000004        -4,352e-14
                                         5,00000000000004        -4,263e-14
                                         6,00000000000004        -4,352e-14
                                         7,00000000000004        -4,441e-14
                                         8,00000000000004        -4,441e-14
                                         9,00000000000004        -4,441e-14
                                        10,00000000000004        -4,086e-14
                                                                           
positiv
    2         8    0,023000              1,00000000000000        -8,882e-16
                                         2,00000000000000         1,110e-15
                                         3,00000000000000         8,882e-16
                                         4,00000000000000         0,000e+00
                                         5,00000000000000         0,000e+00
                                         6,00000000000000        -8,882e-16
                                         7,00000000000000         1,776e-15
                                         8,00000000000000        -1,776e-15
                                         9,00000000000000         3,553e-15
                                        10,00000000000000         1,776e-15
                                                                           
