Size:     Iter:       Time:                      x:           x` - x:
    1         1    0,003000              1,00000000000000         0,000e+00
                                                                           
    2         1    0,002002              0,99999999999976         2,404e-13
                                         2,00000000000048        -4,809e-13
                                                                           
    3         1    0,002999              0,99999999999775         2,252e-12
                                         2,00000000001273        -1,273e-11
                                         2,99999999998769         1,231e-11
                                                                           
    4         1    0,003000              0,99999999998879         1,121e-11
                                         2,00000000012389        -1,239e-10
                                         2,99999999970434         2,957e-10
                                         4,00000000019132        -1,913e-10
                                                                           
    5         1    0,002000              0,99999999994450         5,550e-11
                                         2,00000000106955        -1,070e-09
                                         2,99999999531447         4,686e-09
                                         4,00000000714535        -7,145e-09
                                         4,99999999648123         3,519e-09
                                                                           
    6         1    0,002000              1,00000000018704        -1,870e-10
                                         1,99999999443973         5,560e-09
                                         3,00000003839007        -3,839e-08
                                         3,99999989890820         1,011e-07
                                         5,00000011251528        -1,125e-07
                                         5,99999995539778         4,460e-08
                                                                           
    7         1    0,003008              1,00000000273940        -2,739e-09
                                         1,99999989261700         1,074e-07
                                         3,00000102090089        -1,021e-06
                                         3,99999607089164         3,929e-06
                                         5,00000714652906        -7,147e-06
                                         5,99999386371540         6,136e-06
                                         7,00000200436034        -2,004e-06
                                                                           
    8         1    0,001991              0,99999998572334         1,428e-08
                                         2,00000075875848        -7,588e-07
                                         2,99999015277407         9,847e-06
                                         4,00005304704452        -5,305e-05
                                         4,99985768871263         1,423e-04
                                         6,00020079912220        -2,008e-04
                                         6,99985742835987         1,426e-04
                                         8,00004014927369        -4,015e-05
                                                                           
    9         1    0,002002              1,00000001116237        -1,116e-08
                                         1,99999913631753         8,637e-07
                                         3,00001578991089        -1,579e-05
                                         3,99988077452256         1,192e-04
                                         5,00045651010178        -4,565e-04
                                         5,99903554725222         9,645e-04
                                         7,00113886412473        -1,139e-03
                                         7,99929599437681         7,040e-04
                                         9,00017738709140        -1,774e-04
                                                                           
   10         1    0,002001              0,99999942848244         5,715e-07
                                         2,00004969789522        -4,970e-05
                                         2,99893627138864         1,064e-03
                                         4,00970740854758        -9,707e-03
                                         4,95355575880563         4,644e-02
                                         6,12799323365771        -1,280e-01
                                         6,78956909212547         2,104e-01
                                         8,20370900382895        -2,037e-01
                                         8,89289727841239         1,071e-01
                                        10,02358324453911        -2,358e-02
                                                                           
   11         1    0,002998              1,00000355569304        -3,556e-06
                                         1,99962272783171         3,773e-04
                                         3,00989712996514        -9,897e-03
                                         3,88830101763195         1,117e-01
                                         5,67079117896347        -6,708e-01
                                         3,62527160705834         2,375e+00
                                        12,20165164667601        -5,202e+00
                                         0,87133751154714         7,129e+00
                                        14,94893222724398        -5,949e+00
                                         7,23622533809177         2,764e+00
                                        11,54796860283448        -5,480e-01
                                                                           
   12         1    0,002000              1,00000146935058        -1,469e-06
                                         1,99972549127339         2,745e-04
                                         3,01085783535226        -1,086e-02
                                         3,82721921330442         1,728e-01
                                         6,41861283385146        -1,419e+00
                                        -0,79872480391529         6,799e+00
                                        27,29496564177405        -2,029e+01
                                       -30,85846131666882         3,886e+01
                                        56,73389693571224        -4,773e+01
                                       -26,36637485049682         3,637e+01
                                        26,64001088787989        -1,564e+01
                                         9,09826539561779         2,902e+00
                                                                           
   13         3    0,002001              0,99999818143052         1,819e-06
                                         2,00017654864105        -1,765e-04
                                         2,99611230072221         3,888e-03
                                         4,02905092331718        -2,905e-02
                                         4,98393792973480         1,606e-02
                                         5,04071276880271         9,593e-01
                                        13,29514899359841        -6,295e+00
                                       -12,23068112561277         2,023e+01
                                        47,85597817077866        -3,886e+01
                                       -36,62019521981266         4,662e+01
                                        45,32556364098576        -3,433e+01
                                        -2,21318061874770         1,421e+01
                                        15,53737927104357        -2,537e+00
                                                                           
   14         7    0,003000              1,00002779116931        -2,779e-05
                                         1,99701110283508         2,989e-03
                                         3,07710757474266        -7,711e-02
                                         3,19122560711046         8,088e-01
                                         8,99671055645763        -3,997e+00
                                        -2,00587171328773         8,006e+00
                                        -1,48057167792496         8,481e+00
                                        89,07227246646396        -8,107e+01
                                      -176,86595917702957         1,859e+02
                                       218,54307740925805        -2,085e+02
                                       -90,51736498573867         1,015e+02
                                        -1,51356453615313         1,351e+01
                                        48,02254995605735        -3,502e+01
                                         3,48332166065502         1,052e+01
                                                                           
   15        38    0,002000              1,00007163032333        -7,163e-05
                                         1,99050525891441         9,495e-03
                                         3,30903957992678        -3,090e-01
                                        -0,31069525904666         4,311e+00
                                        36,88170933889841        -3,188e+01
                                      -132,18086727510877         1,382e+02
                                       372,92108652505976        -3,659e+02
                                      -582,41771830512948         5,904e+02
                                       564,65379102327688        -5,557e+02
                                      -312,88065150698901         3,229e+02
                                       344,81356882240317        -3,338e+02
                                      -609,27565942273486         6,213e+02
                                       678,34994785580909        -6,653e+02
                                      -333,45343032463518         3,475e+02
                                        86,59932634352370        -7,160e+01
                                                                           
   16    100000    0,469080              0,99575331791635         4,247e-03
                                         2,10822187669182        -1,082e-01
                                        17,86923532497617        -1,487e+01
                                      -472,78338458886435         4,768e+02
                                      5589,90927214113526        -5,585e+03
                                    -34029,83524638759991         3,404e+04
                                    123023,41989933360310        -1,230e+05
                                   -280727,44040977430996         2,807e+05
                                    416354,45243688434130        -4,163e+05
                                   -404942,01223910739645         4,050e+05
                                    259808,43168260678067        -2,598e+05
                                   -115682,10917801865435         1,157e+05
                                     43548,99338299800729        -4,354e+04
                                    -16756,30833254772733         1,677e+04
                                      5223,99821534044258        -5,209e+03
                                      -823,75090470157602         8,398e+02
                                                                           
   17    100000    0,485049             -6,75624114814368         7,756e+00
                                       705,61153750733070        -7,036e+02
                                    -14126,76339633471434         1,413e+04
                                     88613,43273659747501        -8,861e+04
                                    105366,97215139925538        -1,054e+05
                                  -3854875,27350384322926         3,855e+06
                                  20626011,41271437332034        -2,063e+07
                                 -56224160,13745249807835         5,622e+07
                                  88838417,25121234357357        -8,884e+07
                                 -80663124,82015153765678         8,066e+07
                                  36550849,38476656377316        -3,655e+07
                                  -4024355,61103569949046         4,024e+06
                                   -318083,74750472354935         3,181e+05
                                  -1415682,00507735693827         1,416e+06
                                   -120872,50474776624469         1,209e+05
                                    444155,10279728355817        -4,441e+05
                                    -18672,90450719688670         1,869e+04
                                                                           
   18    100000    0,639035              1,67563648004753        -6,756e-01
                                       -41,88966594487444         4,389e+01
                                       441,99963486984024        -4,390e+02
                                      2586,88337313898455        -2,583e+03
                                    -52398,07330698253645         5,240e+04
                                    240674,73140486839111        -2,407e+05
                                   -239697,72459342674119         2,397e+05
                                  -1491024,71169868437573         1,491e+06
                                   6101927,34369225800037        -6,102e+06
                                 -10397795,50713417306542         1,040e+07
                                   9162362,04883576370776        -9,162e+06
                                  -3589213,40885540423915         3,589e+06
                                   -218090,16300458071055         2,181e+05
                                    654054,04748086805921        -6,540e+05
                                   -236053,12068419705611         2,361e+05
                                     75961,00434345513349        -7,595e+04
                                     -7260,71643246861004         7,278e+03
                                     -6261,04161669714722         6,279e+03
                                                                           
   19    100000    0,628050             74,37845440415293        -7,338e+01
                                     -5498,81129194280220         5,501e+03
                                     76886,68399262009189        -7,688e+04
                                     83234,65189576933335        -8,323e+04
                                  -8325280,28441098704934         8,325e+06
                                  70573860,09035342931747        -7,057e+07
                                -299048588,43674719333649         2,990e+08
                                 758163198,91630005836487        -7,582e+08
                               -1214246383,78525543212891         1,214e+09
                                1233624633,65224075317383        -1,234e+09
                                -766254624,68128263950348         7,663e+08
                                 262862439,62277576327324        -2,629e+08
                                 -29512623,60672197118402         2,951e+07
                                 -24440144,28018608689308         2,444e+07
                                  25169358,24802103266120        -2,517e+07
                                  -7637512,20058092847466         7,638e+06
                                  -1596546,65879272646271         1,597e+06
                                     44192,53949994657160        -4,417e+04
                                    469477,10119391029002        -4,695e+05
                                                                           
   20    100000    0,576042           -104,41827536578674         1,054e+02
                                     13379,19386947543535        -1,338e+04
                                   -418492,71303680317942         4,185e+05
                                   5604567,16861420869827        -5,605e+06
                                 -39500502,08248402178288         3,950e+07
                                 160053607,60893824696541        -1,601e+08
                                -378321393,32874822616577         3,783e+08
                                 478000177,12343281507492        -4,780e+08
                                -188496321,73447975516319         1,885e+08
                                -163730276,59092956781387         1,637e+08
                                 -95876454,10540784895420         9,588e+07
                                 604770263,42391824722290        -6,048e+08
                                -346674059,63754391670227         3,467e+08
                                -352262980,32925987243652         3,523e+08
                                 442185693,61782842874527        -4,422e+08
                                 -98620205,18879073858261         9,862e+07
                                 -26778156,31406796723604         2,678e+07
                                  -6233696,31515671871603         6,234e+06
                                   3267267,95457641221583        -3,267e+06
                                   3017951,49298111116514        -3,018e+06
                                                                           
