149
1
36
17
53
9
26
26
66
30
1
85
64
89
24
45
100
51
32
68
114
64
17
125
98
37
117
1
49
74
41
1
18
45
36
64
4
90
25
29
90
16
16
136
74
4
65
10
9
20
64
1
25
65
40
58
20
4
4
16
74
29
9
65
9
4
9
74
34
68
34
82
91
49
4
68
65
8
25
80
49
129
4
10
49
113
163
1
72
25
50
4
89
58
40
9
64
78
44
73
36
36
58
65
13
61
45
13
4
13
25
37
149
29
53
25
1
4
16
5
65
42
89
81
25
29
118
90
26
64
25
89
116
89
17
9
18
36
73
153
80
90
74
9
9
50
54
10
61
26
65
93
65
49
37
30
4
9
49
9
9
49
4
72
58
49
64
1
17
25
41
25
49
53
9
36
26
9
162
1
25
36
16
72
94
1
32
36
73
101
49
64
1
36
94
5
16
61
73
36
4
26
52
113
25
49
50
9
4
29
49
36
61
38
65
36
30
40
25
9
49
65
4
53
49
129
89
4
65
125
4
34
101
1
65
9
154
36
53
49
107
69
85
26
9
52
64
38
189
49
16
16
36
41
5
49
4
16
9
73
117
109
113
9
61
100
113
89
85
18
73
25
88
12
36
36
34
74
17
53
58
144
9
89
66
1
1
82
26
153
4
1
9
49
34
164
89
26
36
64
9
1
9
98
1
49
4
4
40
17
98
53
61
132
49
79
25
4
36
25
20
129
36
16
78
1
57
138
64
25
26
2
64
58
4
52
73
74
51
29
4
64
129
5
85
5
113
40
64
107
49
86
13
25
79
65
58
75
154
53
16
114
9
1
4
73
61
100
9
81
46
74
49
135
64
32
25
1
101
80
1
49
40
73
74
107
9
64
25
10
25
50
2
36
4
4
18
16
49
20
16
45
74
16
86
41
101
25
16
16
36
16
78
64
149
130
113
114
52
8
50
4
113
126
1
177
1
74
25
64
165
85
65
66
1
81
29
1
4
4
49
16
64
49
68
74
17
25
4
89
89
53
16
29
41
193
89
36
113
5
41
42
8
36
49
45
77
4
10
73
53
9
20
13
72
68
25
36
65
43
52
65
9
37
61
20
64
25
1
61
16
85
94
66
36
25
66
65
65
4
