8
13
32
77
30
10
77
26
33
18
45
30
36
16
8
18
24
24
7
6
60
12
20
45
56
45
88
14
32
64
64
88
56
15
5
4
66
10
35
4
14
10
72
48
35
3
28
4
7
3
42
84
6
70
11
36
4
36
72
56
13
3
28
56
24
50
15
5
28
14
16
30
48
70
55
40
2
24
40
16
24
35
40
8
64
18
20
8
64
40
64
28
8
2
2
40
48
32
64
8
8
4
12
2
15
15
24
42
4
50
4
26
28
9
60
18
32
128
32
80
1
8
40
40
48
32
72
44
45
80
72
24
8
6
12
105
24
6
18
10
4
24
25
20
30
30
49
30
20
63
6
9
18
22
16
56
10
25
40
30
40
15
20
70
104
40
4
24
36
48
45
21
77
11
10
20
13
2
10
12
12
10
49
7
1
63
20
35
7
35
8
70
20
21
3
24
72
27
14
2
18
6
27
5
48
84
56
42
55
5
24
2
28
8
10
49
77
48
12
20
5
112
24
8
40
48
84
4
12
10
49
48
18
20
24
42
25
44
4
20
104
7
12
48
48
30
32
45
56
18
6
32
39
36
28
12
6
2
15
36
4
20
16
39
7
77
14
12
84
12
4
6
12
78
2
32
12
49
48
48
24
40
64
30
10
24
24
25
35
25
10
35
6
84
70
6
30
14
36
2
18
6
48
14
11
64
16
40
30
21
39
104
40
64
40
104
64
75
32
18
48
42
80
8
14
56
35
42
16
8
10
9
88
8
2
28
24
18
8
32
24
8
56
1
11
5
60
10
42
36
56
48
42
42
30
12
24
56
24
72
40
8
104
80
1
2
20
12
20
8
14
8
8
20
10
36
42
30
64
9
30
64
24
10
5
48
8
24
18
4
2
15
84
40
32
16
64
16
2
35
56
56
40
10
25
50
28
36
78
24
18
98
49
21
66
42
56
9
20
4
20
16
20
2
13
9
8
77
56
