0
0
0
0
0
0
0
0
0
0
0
0
0
0
0
0
0
0
0
0
0
1
1
1
1
1
1
1
1
1
1
1
1
1
1
1
1
1
2
2
2
3
3
3
3
4
4
4
4
4
4
4
4
4
4
5
5
5
5
5
5
5
6
6
6
6
6
6
7
7
8
8
9
9
9
9
9
9
9
9
9
9
9
9
9
9
9
9
9
9
9
9
9
10
11
13
13
13
13
14
14
14
14
14
14
15
16
17
17
17
17
17
18
18
18
18
18
18
18
18
19
19
20
21
22
22
24
25
25
26
26
26
27
27
28
29
29
29
29
30
31
32
33
33
33
33
33
35
36
37
39
39
39
39
39
39
42
42
42
42
42
42
42
42
44
45
45
45
45
46
46
47
47
47
48
48
48
50
50
51
51
51
51
51
52
54
54
54
54
54
55
55
55
55
55
56
57
57
58
60
60
60
62
62
63
63
63
64
64
64
64
64
64
65
68
70
70
71
71
71
71
71
71
71
72
72
72
72
72
72
74
74
75
76
76
76
76
81
81
81
81
83
85
86
87
87
87
87
88
91
91
91
91
91
93
95
95
95
95
95
95
97
98
98
98
98
98
99
102
104
106
106
106
108
109
109
109
110
115
115
115
116
119
119
120
121
121
121
122
123
128
128
128
128
128
129
131
133
135
135
135
135
135
135
136
136
136
136
136
138
141
141
142
142
149
149
153
153
153
153
153
155
156
156
156
159
159
162
165
165
165
166
167
167
168
168
170
171
173
174
176
176
176
178
182
184
185
186
187
187
190
190
192
193
193
198
202
202
205
211
213
213
217
217
217
217
219
221
225
225
227
230
231
231
237
237
240
240
240
243
244
244
244
246
247
248
250
250
250
250
251
252
256
258
258
258
258
259
259
259
263
263
264
267
267
271
271
275
275
275
275
275
275
278
278
283
293
294
295
297
298
305
305
306
313
313
317
317
318
318
318
324
327
328
331
331
335
339
339
339
339
339
339
339
339
342
343
345
345
345
348
353
354
354
355
357
361
363
363
364
366
367
373
375
375
375
378
383
383
385
386
388
388
391
392
393
395
395
395
397
400
401
403
403
404
407
408
408
408
408
411
411
413
416
420
420
423
427
428
429
429
