9
20
3
0
8
37
11
68
32
77
86
8
54
14
30
97
6
33
60
92
8
15
3
40
112
127
43
39
103
132
16
26
63
127
128
17
123
39
133
39
133
149
43
131
4
99
56
98
97
105
88
112
75
150
7
28
72
154
0
44
86
93
23
24
13
86
93
201
30
104
107
19
88
178
226
141
20
37
61
75
184
112
126
7
189
126
70
240
76
113
188
14
98
98
173
18
105
221
81
98
173
254
23
232
86
213
13
212
217
142
14
98
173
254
267
133
188
225
248
151
216
273
29
113
188
225
248
281
264
132
138
99
168
6
106
85
28
194
217
273
287
15
8
39
54
94
133
149
155
60
119
126
242
26
140
152
37
61
236
133
245
280
63
141
232
72
180
47
212
272
102
28
194
22
273
287
155
313
8
54
94
313
17
147
225
90
49
236
241
324
262
268
279
60
119
126
242
315
60
119
315
354
99
168
296
112
126
183
240
247
354
127
146
189
241
324
349
267
277
180
331
86
93
201
213
23
203
18
126
260
114
25
133
245
280
313
326
240
247
358
262
268
351
186
221
261
46
209
145
202
83
121
23
268
351
369
68
69
109
240
247
358
375
356
20
37
236
77
92
121
390
126
315
355
370
30
104
214
25
133
280
326
373
8
39
54
94
122
133
149
155
313
343
234
312
240
247
9
126
260
354
355
358
370
406
284
37
61
75
150
184
236
324
76
113
248
289
139
18
97
105
132
260
370
273
287
339
238
225
281
345
9
20
37
419
15
123
148
311
97
105
176
55
22
338
260
370
420
105
132
260
295
430
120
405
6
297
16
71
139
427
155
342
270
232
268
417
232
268
327
351
391
459
151
283
88
178
229
16
32
71
139
455
72
330
259
6
106
68
69
392
136
265
13
212
81
266
180
331
366
79
152
321
278
312
417
460
228
23
369
391
178
229
145
202
385
72
195
330
468
417
460
484
107
216
284
422
310
53
