17942
2
108
3900
6040
54
13766
4234
36244
10272
11
6256
832
31950
10168
21932
66084
18415
26324
8080
44631
1408
4567
83208
14042
38834
22629
28
22955
13780
21347
32
7173
4218
1260
2304
148
54554
975
15600
9488
672
688
29408
14551
184
15343
8496
441
7960
3264
52
1325
31454
29422
28224
5928
232
236
960
37701
36743
567
18672
585
264
603
5956
15038
9232
7294
31947
53021
3626
300
22790
48205
7158
1975
33336
3969
35330
332
3180
4165
41638
77003
88
41742
2250
26411
368
44433
22015
29582
864
6208
32789
17206
24601
3636
3672
21139
11080
9579
71599
19863
5870
436
7385
2775
4960
77996
41906
24323
2900
117
472
1904
4700
26849
23054
21887
30558
3125
5579
88846
20250
9849
8320
3275
23492
82342
91386
5623
1224
9576
4968
39971
117328
18792
48644
24432
1296
1305
39269
20583
3967
25139
30370
31669
46116
54969
7546
12863
26771
628
1422
7791
1440
1449
7938
652
21312
9745
8134
10688
168
7339
4250
8607
4300
8477
20056
1575
6336
9166
1602
116624
180
20873
6552
2928
37818
50640
186
24224
6768
52677
37662
9359
12288
193
6984
47254
5718
3152
17658
17119
7200
804
10679
50042
54804
5125
10094
11750
1872
836
23415
10339
7632
52123
33672
36550
7776
14984
15396
5475
1980
10829
41198
892
12472
11025
81820
32963
912
32381
83640
924
20373
69867
234
50303
2124
120576
8568
30853
11760
90009
34992
54189
7764
2205
33352
15808
28821
142853
12250
4016
4032
9108
11626
5395
12544
1028
4128
2331
41540
102923
47152
71951
2376
29440
66500
66075
61304
75184
9375
56503
6800
49434
19012
9900
9936
16568
50845
9583
21900
42551
99784
2547
42066
50572
286
287
58040
8714
122834
1164
292
2637
14406
21955
90840
47369
19994
10764
19200
2709
302
2727
38822
305
14994
1228
1232
14226
13086
68824
20416
60478
95553
15435
55921
7925
1272
11484
8000
9270
69386
11628
5184
83708
326
62664
84412
21056
8250
23751
4183
21312
20524
1340
38244
29236
40636
22459
33480
1364
21888
94431
9246
31243
6296
44944
14920
22336
86688
17199
73198
10189
8850
77092
66324
36384
44651
138361
23452
5776
88083
3267
364
1460
42918
44467
58976
3321
64722
58432
33163
18277
113737
24000
37208
9425
378
71738
39376
381
18718
33836
29536
37940
73838
3483
24832
9725
4404
15299
57032
2286
14184
1580
1584
8796
6368
19551
30864
6416
32013
36213
6464
46606
30266
78802
10200
6544
6560
14796
6592
45001
26496
113275
84479
66861
112952
30674
4372
66073
1688
70015
106826
425
129346
427
60412
10725
27520
126951
68584
38183
37976
435
38398
21275
438
1756
1760
21609
7072
28352
21756
37356
36140
11351
11200
1796
67825
96305
29038
7248
25346
25891
129096
77593
16488
73547
6767
48777
41948
9584
16704
22785
38592
59408
1872
9051
46790
27587
4248
11768
8217
56544
39744
11925
17208
49535
37045
29492
52778
4347
20698
81138
17964
31168
12200
489
47698
7856
70632
79018
46952
17820
37836
41788
56317
35459
2000
