Size:     Iter:       Time:                      x:           x` - x:
    1         1    0,001996        1,00000000000000         0,000e+00
                                                                     
    2         2    0,002005        0,99999999999976         2,425e-13
                                   2,00000000000048        -4,787e-13
                                                                     
    3         4    0,001983        0,99999999999775         2,253e-12
                                   2,00000000001273        -1,273e-11
                                   2,99999999998770         1,230e-11
                                                                     
    4         6    0,001997        0,99999999998874         1,126e-11
                                   2,00000000012437        -1,244e-10
                                   2,99999999970320         2,968e-10
                                   4,00000000019204        -1,920e-10
                                                                     
    5         8    0,002003        0,99999999994465         5,535e-11
                                   2,00000000106608        -1,066e-09
                                   2,99999999533098         4,669e-09
                                   4,00000000711885        -7,119e-09
                                   4,99999999649475         3,505e-09
                                                                     
    6        10    0,002999        1,00000000018897        -1,890e-10
                                   1,99999999442348         5,577e-09
                                   3,00000003841820        -3,842e-08
                                   3,99999989888246         1,011e-07
                                   5,00000011256359        -1,126e-07
                                   5,99999995535926         4,464e-08
                                                                     
    7        13    0,003001        1,00000000272070        -2,721e-09
                                   1,99999989335682         1,066e-07
                                   3,00000101377391        -1,014e-06
                                   3,99999609866774         3,901e-06
                                   5,00000709544646        -7,095e-06
                                   5,99999390799733         6,092e-06
                                   7,00000198977671        -1,990e-06
                                                                     
    8        19    0,003000        0,99999998541808         1,458e-08
                                   2,00000077135193        -7,714e-07
                                   2,99999001018410         9,990e-06
                                   4,00005376784348        -5,377e-05
                                   4,99985579466407         1,442e-04
                                   6,00020348038648        -2,035e-04
                                   6,99985549376524         1,445e-04
                                   8,00004070640836        -4,071e-05
                                                                     
    9        19    0,004000        0,99999999148717         8,513e-09
                                   2,00000050458073        -5,046e-07
                                   2,99999251632080         7,484e-06
                                   4,00004752328578        -4,752e-05
                                   4,99984312031698         1,569e-04
                                   6,00029099017157        -2,910e-04
                                   6,99969408066088         3,059e-04
                                   8,00017023406636        -1,702e-04
                                   8,99996103935893         3,896e-05
                                                                     
   10        18    0,004000        0,99999997099718         2,900e-08
                                   2,00000184668016        -1,847e-06
                                   2,99997160405221         2,840e-05
                                   4,00017826278640        -1,783e-04
                                   4,99946300976303         5,370e-04
                                   6,00075497598159        -7,550e-04
                                   6,99976719900240         2,328e-04
                                   7,99938818452452         6,118e-04
                                   9,00070343943045        -7,034e-04
                                   9,99977148282302         2,285e-04
                                                                     
   11        25    0,002999        1,00000002025199        -2,025e-08
                                   1,99999876566155         1,234e-06
                                   3,00001845700460        -1,846e-05
                                   3,99988515612348         1,148e-04
                                   5,00035593279063        -3,559e-04
                                   5,99942179932482         5,782e-04
                                   7,00047242418804        -4,724e-04
                                   7,99981512963921         1,849e-04
                                   9,00011365921367        -1,137e-04
                                   9,99985924148137         1,408e-04
                                  11,00005942693138        -5,943e-05
                                                                     
   12        25    0,004001        1,00000001492289        -1,492e-08
                                   1,99999909624089         9,038e-07
                                   3,00001351778892        -1,352e-05
                                   3,99991625806762         8,374e-05
                                   5,00025065006838        -2,507e-04
                                   5,99965139275841         3,486e-04
                                   7,00010328391836        -1,033e-04
                                   8,00022694928712        -2,269e-04
                                   8,99992861166890         7,139e-05
                                   9,99968384034984         3,162e-04
                                  11,00031634275414        -3,163e-04
                                  11,99991004519968         8,995e-05
                                                                     
   13        24    0,003999        1,00000002117136        -2,117e-08
                                   1,99999858214969         1,418e-06
                                   3,00002287999960        -2,288e-05
                                   3,99985052861726         1,495e-04
                                   5,00045747521231        -4,575e-04
                                   5,99939250301589         6,075e-04
                                   7,00006390766909        -6,391e-05
                                   8,00049759645377        -4,976e-04
                                   9,00001532133009        -1,532e-05
                                   9,99950042381820         4,996e-04
                                  10,99982681140397         1,732e-04
                                  12,00063792921286        -6,379e-04
                                  12,99973600981095         2,640e-04
                                                                     
   14        23    0,004000        1,00000004229371        -4,229e-08
                                   1,99999719906866         2,801e-06
                                   3,00004431206762        -4,431e-05
                                   3,99972136364142         2,786e-04
                                   5,00079113439999        -7,911e-04
                                   5,99913115839093         8,688e-04
                                   6,99977955313066         2,204e-04
                                   8,00078835484400        -7,884e-04
                                   9,00042157502714        -4,216e-04
                                   9,99946881046609         5,312e-04
                                  10,99924381257144         7,562e-04
                                  12,00009130625565        -9,131e-05
                                  13,00108277486197        -1,083e-03
                                  13,99943855867817         5,614e-04
                                                                     
   15        24    0,004000        1,00000009176260        -9,176e-08
                                   1,99999417568380         5,824e-06
                                   3,00008713636486        -8,714e-05
                                   3,99949058185558         5,094e-04
                                   5,00129915787011        -1,299e-03
                                   5,99887844808422         1,122e-03
                                   6,99930988158366         6,901e-04
                                   8,00088626343305        -8,863e-04
                                   9,00101543273336        -1,015e-03
                                   9,99985260217083         1,474e-04
                                  10,99888319885566         1,117e-03
                                  11,99917103559576         8,290e-04
                                  13,00057696285094        -5,770e-04
                                  14,00150625043450        -1,506e-03
                                  14,99904868846452         9,513e-04
                                                                     
   16        33    0,004000        0,99999997121403         2,879e-08
                                   2,00000168606703        -1,686e-06
                                   2,99997592481058         2,408e-05
                                   4,00013686521459        -1,369e-04
                                   4,99966135415761         3,386e-04
                                   6,00023748849425        -2,375e-04
                                   7,00042195753722        -4,220e-04
                                   7,99931942180425         6,806e-04
                                   9,00003624916478        -3,625e-05
                                  10,00002561397447        -2,561e-05
                                  11,00047280009129        -4,728e-04
                                  12,00006829786802        -6,830e-05
                                  12,99936511184550         6,349e-04
                                  14,00013780931677        -1,378e-04
                                  15,00022810066567        -2,281e-04
                                  15,99991135695674         8,864e-05
                                                                     
   17        32    0,006008        0,99999990423531         9,576e-08
                                   2,00000582107355        -5,821e-06
                                   2,99991434712271         8,565e-05
                                   4,00050780874784        -5,078e-04
                                   4,99861313470353         1,387e-03
                                   6,00156530476858        -1,565e-03
                                   7,00000128560545        -1,286e-06
                                   7,99913117506300         8,688e-04
                                   8,99949696364063         5,030e-04
                                  10,00054054303313        -5,405e-04
                                  11,00064753348416        -6,475e-04
                                  12,00011941201668        -1,194e-04
                                  12,99957670453245         4,233e-04
                                  13,99952725078465         4,727e-04
                                  15,00010334350640        -1,033e-04
                                  16,00040148637666        -4,015e-04
                                  16,99984801761162         1,520e-04
                                                                     
   18        31    0,004001        0,99999995841042         4,159e-08
                                   2,00000235630506        -2,356e-06
                                   2,99996786633518         3,213e-05
                                   4,00017065330568        -1,707e-04
                                   4,99963341466431         3,666e-04
                                   6,00008861168493        -8,861e-05
                                   7,00072352726865        -7,235e-04
                                   7,99944706572080         5,529e-04
                                   8,99948690404510         5,131e-04
                                   9,99997254722036         2,745e-05
                                  11,00072958590188        -7,296e-04
                                  12,00046560903650        -4,656e-04
                                  12,99956725815214         4,327e-04
                                  13,99959313376957         4,069e-04
                                  14,99964765835477         3,523e-04
                                  16,00011890190133        -1,189e-04
                                  17,00087733930341        -8,773e-04
                                  17,99950759767239         4,924e-04
                                                                     
   19        31    0,004001        0,99999998214675         1,785e-08
                                   2,00000145584243        -1,456e-06
                                   2,99997398785629         2,601e-05
                                   4,00017652330485        -1,765e-04
                                   4,99948031014997         5,197e-04
                                   6,00055516388473        -5,552e-04
                                   7,00015202616780        -1,520e-04
                                   7,99981382857250         1,862e-04
                                   8,99920392147033         7,961e-04
                                  10,00010081787656        -1,008e-04
                                  11,00072234048028        -7,223e-04
                                  12,00055115987069        -5,512e-04
                                  12,99990364254571         9,636e-05
                                  13,99941968332984         5,803e-04
                                  14,99932859375665         6,714e-04
                                  15,99981863054476         1,814e-04
                                  17,00064914721443        -6,491e-04
                                  18,00085964206129        -8,596e-04
                                  18,99928910064894         7,109e-04
                                                                     
   20    100000    0,331022        1,00066567244297        -6,657e-04
                                   1,91224174150589         8,776e-02
                                   5,85536983116782        -2,855e+00
                                 -36,03043468956901         4,003e+01
                                 302,20144611771610        -2,972e+02
                               -1276,59746045587826         1,283e+03
                                3345,96422793342072        -3,339e+03
                               -5230,25309398608715         5,238e+03
                                4794,35963573611025        -4,785e+03
                               -2144,16380201542961         2,154e+03
                               -1354,85594988711591         1,366e+03
                                5667,41500908981652        -5,655e+03
                               -5706,63288088465652         5,720e+03
                               -1621,80171091337024         1,636e+03
                                3939,97715799975413        -3,925e+03
                                3895,05667292113458        -3,879e+03
                               -5128,94168716638615         5,146e+03
                               -2640,31380958865657         2,658e+03
                                4981,17379205777252        -4,962e+03
                               -1585,32619042162105         1,605e+03
                                                                     
   21    100000    0,341049      -63,07360761200507         6,407e+01
                                4938,93976596769608        -4,937e+03
                             -117434,53441265810397         1,174e+05
                             1453551,09507296676748        -1,454e+06
                           -10605205,99745608679950         1,061e+07
                            46628553,86096922308207        -4,663e+07
                          -120748646,65898337960243         1,207e+08
                           163014594,81152659654617        -1,630e+08
                           -44364848,29348472505808         4,436e+07
                          -155862258,27214896678925         1,559e+08
                           124810936,92708541452885        -1,248e+08
                            97821778,04506975412369        -9,782e+07
                           -75372827,62836989760399         7,537e+07
                          -137879020,05115321278572         1,379e+08
                           104605591,44014577567577        -1,046e+08
                            56727659,36784450709820        -5,673e+07
                           -39496769,48458965867758         3,950e+07
                           -17497477,76059975102544         1,750e+07
                            -9234055,44040846079588         9,234e+06
                            23018201,54226111248136        -2,302e+07
                            -6906898,33256182912737         6,907e+06
                                                                     
   22    100000    0,375027        1,00013361188093        -1,336e-04
                                   1,97502328963758         2,498e-02
                                   4,19190031193880        -1,192e+00
                                 -18,19222294507404         2,219e+01
                                 210,15636885344628        -2,052e+02
                               -1063,87191600942720         1,070e+03
                                3373,68684262158376        -3,367e+03
                               -6690,13942042181679         6,698e+03
                                9397,14775576784996        -9,388e+03
                              -12706,55817566641053         1,272e+04
                               19934,35671997714962        -1,992e+04
                              -24079,45238981668808         2,409e+04
                               13225,68730018185852        -1,321e+04
                                3664,97386907217378        -3,651e+03
                               -6003,96489256037057         6,019e+03
                               -1451,11875244444786         1,467e+03
                                1556,65543235955920        -1,540e+03
                                2665,74627615430609        -2,648e+03
                               -1098,73295495486650         1,118e+03
                               -2335,73852928380984         2,356e+03
                                2201,60579586025142        -2,181e+03
                                -536,41447598052844         5,584e+02
                                                                     
   23    100000    0,385029        1,00109907332872        -1,099e-03
                                   1,99304972122591         6,950e-03
                                  -0,26700487355349         3,267e+00
                                  90,46370807582991        -8,646e+01
                                -885,47387299101808         8,905e+02
                                4653,88923198776047        -4,648e+03
                              -12995,17953814617067         1,300e+04
                               17346,69108842421701        -1,734e+04
                               -1591,81690232846881         1,601e+03
                              -21367,31379079528779         2,138e+04
                               11951,08641897976850        -1,194e+04
                               14031,48396373960531        -1,402e+04
                               -1302,30916449162578         1,315e+03
                              -22985,57455200092591         2,300e+04
                                9521,19636403967161        -9,506e+03
                                5942,13582982581829        -5,926e+03
                                -134,09000043598249         1,511e+02
                                -350,51738030954959         3,685e+02
                               -2409,78368877939647         2,429e+03
                                 687,62333865020935        -6,676e+02
                               -1209,03480222032886         1,230e+03
                                1771,69453069203973        -1,750e+03
                                -491,89136859717638         5,149e+02
                                                                     
   24    100000    0,341026        1,00185564490765        -1,856e-03
                                   1,85942689039186         1,406e-01
                                   4,27459796445980        -1,275e+00
                                  32,21062808974229        -2,821e+01
                                -549,30346421542470         5,543e+02
                                3928,77355571740236        -3,923e+03
                              -14425,78105843675075         1,443e+04
                               29977,93550961675646        -2,997e+04
                              -35868,75790338968363         3,588e+04
                               27260,85756629418756        -2,725e+04
                              -16837,41019376835175         1,685e+04
                               -3444,83007218932880         3,457e+03
                               24958,20473833458163        -2,495e+04
                                6009,57341784728760        -5,996e+03
                              -40414,23857078248693         4,043e+04
                                1718,25802727805603        -1,702e+03
                               10679,57090142459128        -1,066e+04
                               25230,08133222153265        -2,521e+04
                                1574,49307767202981        -1,555e+03
                              -28823,48606716713766         2,884e+04
                                7406,77512260083404        -7,386e+03
                              -15696,42846134923093         1,572e+04
                               29220,72779063391499        -2,920e+04
                              -11644,37102758146466         1,167e+04
                                                                     
   25    100000    0,392029        0,68787084497039         3,121e-01
                                  39,53807949028926        -3,754e+01
                                -688,69236466419204         6,917e+02
                                3983,77432023533129        -3,980e+03
                              -10767,01538742422053         1,077e+04
                               98795,99741187944892        -9,879e+04
                             -935581,93278575246222         9,356e+05
                             4149240,62797211902216        -4,149e+06
                            -9260686,54982988908887         9,261e+06
                             9475048,34013782255352        -9,475e+06
                             -702879,33032035268843         7,029e+05
                            -5558254,77088343072683         5,558e+06
                             1192084,62346719740890        -1,192e+06
                              926346,52463083458133        -9,263e+05
                             1832019,43528958596289        -1,832e+06
                             2328926,87579054944217        -2,329e+06
                            -5192266,26256074849516         5,192e+06
                              602305,14781581016723        -6,023e+05
                              172163,93447391747031        -1,721e+05
                              585220,63019589101896        -5,852e+05
                              967434,62517188361380        -9,674e+05
                              306148,48765073152026        -3,061e+05
                            -1081920,58169255917892         1,082e+06
                             -319474,45896068651928         3,195e+05
                              423086,63882720621768        -4,231e+05
                                                                     
   26    100000    0,578581       42,11556085531444        -4,112e+01
                               -6546,85108316380956         6,549e+03
                              207095,43798328051344        -2,071e+05
                            -2795804,83503575529903         2,796e+06
                            19876879,56688132509589        -1,988e+07
                           -81801288,51546826958656         8,180e+07
                           201126697,86415612697601        -2,011e+08
                          -287162129,71834170818329         2,872e+08
                           206324351,14533063769341        -2,063e+08
                           -32454065,45983190834522         3,245e+07
                           -33806066,60306845605373         3,381e+07
                            41300930,96513504534960        -4,130e+07
                           -76285713,27373610436916         7,629e+07
                            25024136,22658421099186        -2,502e+07
                           -88831905,33797267079353         8,883e+07
                           510177649,40859192609787        -5,102e+08
                          -708522763,41893959045410         7,085e+08
                           199047039,22773975133896        -1,990e+08
                           254128437,98464322090149        -2,541e+08
                            18142934,38905798643827        -1,814e+07
                          -292972290,39207464456558         2,930e+08
                            12443484,51727276667953        -1,244e+07
                           161326191,62373954057693        -1,613e+08
                            54464845,55441588163376        -5,446e+07
                          -150796307,13960814476013         1,508e+08
                            51844591,14252778887749        -5,184e+07
                                                                     
   27    100000    0,532206        1,00036052048154        -3,605e-04
                                   1,97777392018205         2,223e-02
                                   2,99988734941349         1,127e-04
                                  12,73591786775932        -8,736e+00
                                -111,21870527582212         1,162e+02
                                 643,05808372678860        -6,371e+02
                               -1605,05103559137797         1,612e+03
                                1129,93254323995347        -1,122e+03
                                3137,82153232841983        -3,129e+03
                               -6527,26731189691236         6,537e+03
                                1831,73615920558109        -1,821e+03
                                4345,16403182559952        -4,333e+03
                               -2158,88000552408448         2,172e+03
                               -1758,68513624326943         1,773e+03
                                2740,51937471946849        -2,726e+03
                               -1528,18092324557665         1,544e+03
                               -3205,35855198824856         3,222e+03
                                2755,91962451523523        -2,738e+03
                                1057,65119792474547        -1,039e+03
                                2117,73684495838916        -2,098e+03
                               -2153,83395676409873         2,175e+03
                               -1061,68452628107025         1,084e+03
                                 228,59638885192931        -2,056e+02
                                -224,30975827130055         2,483e+02
                                -583,51743311188568         6,085e+02
                                2541,53351854700986        -2,516e+03
                               -1252,39807145060809         1,279e+03
                                                                     
   28    100000    0,622048      304,03263248022648        -3,030e+02
                              -29322,34649348354651         2,932e+04
                              860641,84831191122066        -8,606e+05
                           -11356007,90007204376161         1,136e+07
                            78163284,03708563745022        -7,816e+07
                          -297587555,89305526018143         2,976e+08
                           614757954,71748912334442        -6,148e+08
                          -581784512,41695368289948         5,818e+08
                            71808479,21915467083454        -7,181e+07
                             6690789,09339172579348        -6,691e+06
                           279866310,84672242403030        -2,799e+08
                           416461516,11188250780106        -4,165e+08
                          -729859262,32445240020752         7,299e+08
                           -84876119,15464855730534         8,488e+07
                         -1173187719,04091691970825         1,173e+09
                          2177713401,53331899642944        -2,178e+09
                           146017654,99738505482674        -1,460e+08
                           -75179314,23154732584953         7,518e+07
                         -1527295822,68189930915833         1,527e+09
                          -190781870,60368230938911         1,908e+08
                           310035308,81194025278091        -3,100e+08
                          1230360696,82838082313538        -1,230e+09
                          -423615037,15207535028458         4,236e+08
                           170657168,59630665183067        -1,707e+08
                          -665389970,96078968048096         6,654e+08
                            12994593,11337226256728        -1,299e+07
                           346540459,72442167997360        -3,465e+08
                          -101985524,12727981805801         1,020e+08
                                                                     
   29    100000    0,546057        1,10858655885325        -1,086e-01
                                  -1,81444646569107         3,814e+00
                                 -26,00346161986108         2,900e+01
                                1122,26115950354961        -1,118e+03
                               -7187,90899385152170         7,193e+03
                                8093,25198798813835        -8,087e+03
                               72152,16072208341211        -7,215e+04
                             -282691,98855196643854         2,827e+05
                              330670,87504348484799        -3,307e+05
                               65730,20685182898887        -6,572e+04
                             -272308,22549022041494         2,723e+05
                             -218437,95725773015874         2,184e+05
                              577290,88767480221577        -5,773e+05
                             -309719,18569917674176         3,097e+05
                             -595495,64721005898900         5,955e+05
                             1618454,62008172064088        -1,618e+06
                            -1081777,18139604805037         1,082e+06
                              272674,81058606336592        -2,727e+05
                             -321709,31974940194050         3,217e+05
                             -610506,32365273847245         6,105e+05
                               10135,86496858144710        -1,011e+04
                             1425124,86851991759613        -1,425e+06
                              442432,86023559985915        -4,424e+05
                             -804396,37536064989399         8,044e+05
                            -1009080,57917128759436         1,009e+06
                               52672,04264925428288        -5,265e+04
                              779419,26790120766964        -7,794e+05
                               94565,09598676444148        -9,454e+04
                             -236766,62245321975206         2,368e+05
                                                                     
   30    100000    0,593821       11,37742143601285        -1,038e+01
                                -437,48492887505398         4,395e+02
                               11922,26633301237416        -1,192e+04
                             -220124,58696665739990         2,201e+05
                             1849697,85451473668218        -1,850e+06
                            -7274837,34834950510412         7,275e+06
                            12433708,76276831142604        -1,243e+07
                            -3378564,15093158977106         3,379e+06
                            -5835971,82247099746019         5,836e+06
                           -28532134,53389014676213         2,853e+07
                            55632642,12281539291143        -5,563e+07
                             2552804,86192306596786        -2,553e+06
                            -3660991,88615053147078         3,661e+06
                          -104043796,16109429299831         1,040e+08
                            45591044,93909607827663        -4,559e+07
                           105935452,77596408128738        -1,059e+08
                            -5539403,23975283652544         5,539e+06
                          -115107728,79842871427536         1,151e+08
                           -13661025,29059487767518         1,366e+07
                            38214872,57648932933807        -3,821e+07
                           113589099,65415106713772        -1,136e+08
                           -80773262,19128383696079         8,077e+07
                            76060477,46515099704266        -7,606e+07
                          -168909206,32825356721878         1,689e+08
                           -74061106,62161020934582         7,406e+07
                           227449853,55371794104576        -2,274e+08
                            32810002,53968573734164        -3,281e+07
                           -98237636,96850205957890         9,824e+07
                           -42786054,17480979114771         4,279e+07
                            39891186,68756229430437        -3,989e+07
                                                                     
   31    100000    0,553210        1,00310735494098        -3,107e-03
                                   1,56109420038729         4,389e-01
                                  17,76848821642409        -1,477e+01
                                -202,40160127046821         2,064e+02
                                1476,05681271545131        -1,471e+03
                               -5827,45623626206907         5,833e+03
                               13237,46624376991531        -1,323e+04
                              -17606,75660826567400         1,761e+04
                               18462,80304211785187        -1,845e+04
                              -27325,35513172072024         2,734e+04
                               31376,81548433552234        -3,137e+04
                              -11087,85043615752511         1,110e+04
                               15866,23228837446004        -1,585e+04
                              -46869,90795285587956         4,688e+04
                                8410,36472727548789        -8,395e+03
                               31210,10497907540775        -3,119e+04
                               18836,28758255298817        -1,882e+04
                              -24012,52426986058708         2,403e+04
                              -12396,38322727803097         1,242e+04
                              -10726,85392665954714         1,075e+04
                                9875,33501565706138        -9,854e+03
                               22216,19183910901120        -2,219e+04
                              -39150,21815577804227         3,917e+04
                               34685,34581868966779        -3,466e+04
                               14720,37242303184939        -1,470e+04
                              -18937,82619210937992         1,896e+04
                              -27235,46361381857059         2,726e+04
                               18259,71234499585989        -1,823e+04
                                4877,50737101792674        -4,849e+03
                                1366,11097344087875        -1,336e+03
                               -3022,04174651388439         3,053e+03
                                                                     
   32    100000    0,627880        0,71853562662323         2,815e-01
                                   9,87355189840566        -7,874e+00
                                 179,66118015206166        -1,767e+02
                               -5159,86067809050382         5,164e+03
                               43163,65368500292243        -4,316e+04
                             -156138,63896718341857         1,561e+05
                              187976,33595973765478        -1,880e+05
                              347573,98121033294592        -3,476e+05
                            -1249238,62019913410768         1,249e+06
                              831270,69696935324464        -8,313e+05
                             1175324,83486277540214        -1,175e+06
                            -1854215,78898097248748         1,854e+06
                              471385,27556645456934        -4,714e+05
                               88106,38890135216934        -8,809e+04
                              370542,30687624728307        -3,705e+05
                             -345975,84875413414557         3,460e+05
                              545195,31795851630159        -5,452e+05
                             -633646,34613309521228         6,337e+05
                             -261986,23300063639181         2,620e+05
                              521247,97420471388614        -5,212e+05
                              456384,44803545961622        -4,564e+05
                            -1048061,46349267428741         1,048e+06
                              212120,56848391890526        -2,121e+05
                             1345619,54192249011248        -1,346e+06
                             -687621,32148569461424         6,876e+05
                            -1341182,81074372027069         1,341e+06
                              -28778,48004122156999         2,881e+04
                             1981316,77735784021206        -1,981e+06
                             -329117,33535547525389         3,291e+05
                            -1121168,02253681002185         1,121e+06
                              477686,83928334445227        -4,777e+05
                                7713,44284685469574        -7,681e+03
                                                                     
   33    100000    0,518059        0,16960294097995         8,304e-01
                                  71,48308307100271        -6,948e+01
                               -1200,34481635033126         1,203e+03
                                5835,15885785237879        -5,831e+03
                               12366,23945094041483        -1,236e+04
                             -182668,40075806208188         1,827e+05
                              429219,96904563333374        -4,292e+05
                              602343,82146562996786        -6,023e+05
                            -4457325,53246388956904         4,457e+06
                             7037198,34452097769827        -7,037e+06
                             -841183,27620663749985         8,412e+05
                            -6987258,44869495742023         6,987e+06
                              778837,26970531616826        -7,788e+05
                             8295916,25103450939059        -8,296e+06
                            -3217229,43820797558874         3,217e+06
                              191464,36835656352923        -1,914e+05
                            -2209960,42110831849277         2,210e+06
                            -5508844,00375635270029         5,509e+06
                             4718338,63776837475598        -4,718e+06
                             5919168,75022847857326        -5,919e+06
                            -1881693,32770236767828         1,882e+06
                            -5492152,77935068123043         5,492e+06
                             2253145,81977437157184        -2,253e+06
                             3075069,36282680602744        -3,075e+06
                            -3686400,80370107991621         3,686e+06
                             -412139,54617319512181         4,122e+05
                             2597813,26993566844612        -2,598e+06
                            -1325734,48824614309706         1,326e+06
                            -1364810,32829857151955         1,365e+06
                             5073729,39248468540609        -5,074e+06
                            -5707645,22884268872440         5,708e+06
                             2897918,36964360391721        -2,898e+06
                             -611632,25655131810345         6,117e+05
                                                                     
   34    100000    0,594029       -0,17963597199371         1,180e+00
                                 149,06735079844188        -1,471e+02
                               -4698,30283351353955         4,701e+03
                               64497,63064663120167        -6,449e+04
                             -454554,99922319524921         4,546e+05
                             1733310,01587058976293        -1,733e+06
                            -3275616,66719019040465         3,276e+06
                             1162485,95123014086857        -1,162e+06
                             5851502,78670731093735        -5,851e+06
                            -5969330,44369470793754         5,969e+06
                            -8071176,87000710330904         8,071e+06
                            13720669,37724538892508        -1,372e+07
                              501173,99668940535048        -5,012e+05
                            -5244914,43432460073382         5,245e+06
                              296479,12673332804115        -2,965e+05
                           -10460739,32186207361519         1,046e+07
                             9171847,48050885275006        -9,172e+06
                            12666343,37787191569805        -1,267e+07
                            -9821807,28283673338592         9,822e+06
                            -9370507,59690016694367         9,371e+06
                             4492816,79111560340971        -4,493e+06
                             8649400,29245019704103        -8,649e+06
                            -7463557,77758534997702         7,464e+06
                               88531,81467925811012        -8,851e+04
                             6373043,86042746808380        -6,373e+06
                            -4049612,19433972006664         4,050e+06
                              533029,66434476582799        -5,330e+05
                           -10154227,84986813180149         1,015e+07
                             8266629,17568327486515        -8,267e+06
                             8975945,86023632436991        -8,976e+06
                           -11159385,81778949499130         1,116e+07
                             5037511,97892067115754        -5,037e+06
                            -3783197,10161762870848         3,783e+06
                             1698554,23920198506676        -1,699e+06
                                                                     
   35    100000    0,566058      -76,77686420258938         7,778e+01
                                7362,35987113066130        -7,360e+03
                             -187804,43913119853823         1,878e+05
                             2117810,29637640947476        -2,118e+06
                           -12348866,86195747740567         1,235e+07
                            37971026,96307763457298        -3,797e+07
                           -51171204,57364656776190         5,117e+07
                           -14049172,95379785820842         1,405e+07
                           103689499,87703371047974        -1,037e+08
                           -24144300,01685390621424         2,414e+07
                          -110723946,47457084059715         1,107e+08
                           -16328574,70521649904549         1,633e+07
                           151231766,46955326199532        -1,512e+08
                           -50752330,78833746910095         5,075e+07
                            31111024,76502273976803        -3,111e+07
                           -14201375,17799766175449         1,420e+07
                           -15374294,78289564885199         1,537e+07
                           -61126307,23265832662582         6,113e+07
                          -126491720,74207706749439         1,265e+08
                            78376264,25127731263638        -7,838e+07
                           270889722,13760650157928        -2,709e+08
                           -53956488,01851218193769         5,396e+07
                          -130278156,81261093914509         1,303e+08
                            19189457,26144003123045        -1,919e+07
                            -2905237,26593531761318         2,905e+06
                           -56214382,10726779699326         5,621e+07
                          -130816095,16627034544945         1,308e+08
                           148705537,49311846494675        -1,487e+08
                           182493371,67786130309105        -1,825e+08
                          -153307779,82181367278099         1,533e+08
                            -2845091,30491713387892         2,845e+06
                            43890024,22392093390226        -4,389e+07
                           -98864543,37652620673180         9,886e+07
                            63401178,02315800637007        -6,340e+07
                            -6985671,75197858363390         6,986e+06
                                                                     
   36    100000    0,797043       49,18446576926306        -4,818e+01
                               -6554,47782222260139         6,556e+03
                              242423,10257658959017        -2,424e+05
                            -3691721,99561284296215         3,692e+06
                            29208492,63409051299095        -2,921e+07
                          -135292544,37226426601410         1,353e+08
                           375356848,83477407693863        -3,754e+08
                          -546562262,33008122444153         5,466e+08
                            87933320,22247189283371        -8,793e+07
                           858352834,64655947685242        -8,584e+08
                          -584863074,53253304958344         5,849e+08
                         -1164403291,66847372055054         1,164e+09
                          1430056694,41940879821777        -1,430e+09
                             4594399,87461472488940        -4,594e+06
                          -283589928,95398122072220         2,836e+08
                           -82968778,47431904077530         8,297e+07
                           210153770,27461883425713        -2,102e+08
                            60764777,35343647748232        -6,076e+07
                          -308177388,67467957735062         3,082e+08
                         -1202283302,09291672706604         1,202e+09
                           950528701,71155059337616        -9,505e+08
                            94842650,79327028989792        -9,484e+07
                           678152866,18999993801117        -6,782e+08
                          1069661849,37048780918121        -1,070e+09
                          -380604982,64676433801651         3,806e+08
                         -1536234299,59786868095398         1,536e+09
                          -168792773,49275645613670         1,688e+08
                          -705528550,36370217800140         7,055e+08
                            57534690,22878937423229        -5,753e+07
                          1196636905,72330999374390        -1,197e+09
                           489117917,99596589803696        -4,891e+08
                           579237523,81484460830688        -5,792e+08
                          -301795817,07436901330948         3,018e+08
                         -1046332525,98124694824219         1,046e+09
                          -303332121,73216801881790         3,033e+08
                           582084273,15629601478577        -5,821e+08
                                                                     
   37    100000    0,918055        5,07188272331457        -4,072e+00
                                -435,18842842947492         4,372e+02
                               11333,47130065370584        -1,133e+04
                             -120164,88147540911450         1,202e+05
                              610155,34714897489175        -6,102e+05
                            -1384623,62384032108821         1,385e+06
                               56845,40195502947608        -5,684e+04
                             6375983,42902218271047        -6,376e+06
                           -12729861,42932440526783         1,273e+07
                             9942534,25588410906494        -9,943e+06
                            -5729304,63660635985434         5,729e+06
                             8810029,74305818229914        -8,810e+06
                            -5352787,24837432336062         5,353e+06
                            -1446387,75065336003900         1,446e+06
                            -3116063,82397930324078         3,116e+06
                             3370634,83604063838720        -3,371e+06
                            -4015668,48515422455966         4,016e+06
                             9506174,70597736909986        -9,506e+06
                             4940839,85776749718934        -4,941e+06
                            -7725755,86191542167217         7,726e+06
                            -6701234,54163412377238         6,701e+06
                            -7910384,99142686277628         7,910e+06
                            14416206,09334171935916        -1,442e+07
                             5785328,63085340987891        -5,785e+06
                            -8665658,34598524682224         8,666e+06
                            -3689966,68005440011621         3,690e+06
                             4746212,43957531731576        -4,746e+06
                            12090864,24344358593225        -1,209e+07
                           -10265195,06163009256124         1,027e+07
                            -8181511,34417892713100         8,182e+06
                              -77801,93432528634730         7,783e+04
                             1588992,13569152681157        -1,589e+06
                             9780056,02072187513113        -9,780e+06
                             1070121,72683205013163        -1,070e+06
                            -5940319,56818494480103         5,940e+06
                            -2704430,12981775775552         2,704e+06
                             2655941,11020490853116        -2,656e+06
                                                                     
   38    100000    0,691719     -415,01625320819193         4,160e+02
                               75358,50032994114736        -7,536e+04
                            -2779137,20161943603307         2,779e+06
                            42815732,96122771501541        -4,282e+07
                          -346169578,99714046716690         3,462e+08
                          1623878673,95162081718445        -1,624e+09
                         -4540684912,87297344207764         4,541e+09
                          7095640075,53596305847168        -7,096e+09
                         -4074123762,09547328948975         4,074e+09
                         -4044558416,54473161697388         4,045e+09
                          5335561763,87496757507324        -5,336e+09
                          4011258990,28268575668335        -4,011e+09
                         -6839505139,22399330139160         6,840e+09
                          -994263741,33597779273987         9,943e+08
                           -77703570,11116153001785         7,770e+07
                          4284599787,16255474090576        -4,285e+09
                          4832684851,22537708282471        -4,833e+09
                         -5184201229,26648807525635         5,184e+09
                         -3727176562,17377662658691         3,727e+09
                         -4177006720,97780561447144         4,177e+09
                          3171671033,68187284469604        -3,172e+09
                          7825992076,69078254699707        -7,826e+09
                          4246520565,77385711669922        -4,247e+09
                         -9112971856,80854415893555         9,113e+09
                          1941144357,03818607330322        -1,941e+09
                         -3774984777,05913066864014         3,775e+09
                         -1842283801,16514730453491         1,842e+09
                          2372094888,67173290252686        -2,372e+09
                           137504795,21605050563812        -1,375e+08
                          1218800621,37360906600952        -1,219e+09
                          6503178063,15897846221924        -6,503e+09
                         -1946732387,77110314369202         1,947e+09
                         -2044220315,50054693222046         2,044e+09
                         -4906594136,28799533843994         4,907e+09
                         -3842530097,95908546447754         3,843e+09
                          9188759776,31009674072266        -9,189e+09
                          -862787876,08661162853241         8,628e+08
                         -1490902411,49770545959473         1,491e+09
                                                                     
   39    100000    0,649777        1,00147346850077        -1,473e-03
                                   1,82256406830579         1,774e-01
                                   7,88594049263951        -4,886e+00
                                 -49,19612129305188         5,320e+01
                                 263,18307438175822        -2,582e+02
                                -386,79367710232810         3,928e+02
                               -1300,55844493776749         1,308e+03
                                6438,68492292547671        -6,431e+03
                               -9409,22393265913161         9,418e+03
                                3100,51458519134258        -3,091e+03
                                1918,38454289397123        -1,907e+03
                                3280,55286501330238        -3,269e+03
                                -458,23735961661390         4,712e+02
                               -6097,52840580709471         6,112e+03
                                -642,07841329128132         6,571e+02
                               -5707,37436301944035         5,723e+03
                               16665,87420216475948        -1,665e+04
                               -5292,70421570312647         5,311e+03
                                4711,09357357627869        -4,692e+03
                               -9097,85098015445510         9,118e+03
                                4809,58932079461101        -4,789e+03
                               -6168,34301785262323         6,190e+03
                                 748,11595032952516        -7,251e+02
                                -187,29326834350096         2,113e+02
                               -8345,87824248005199         8,371e+03
                               14012,87742377037466        -1,399e+04
                               11572,75084621478709        -1,155e+04
                               -6617,34325446162347         6,645e+03
                               -3454,64653758980785         3,484e+03
                               -9981,52745356375999         1,001e+04
                                 608,82099248335942        -5,778e+02
                               -2893,12844633844315         2,925e+03
                                9619,27762073186204        -9,586e+03
                                4876,52837331022874        -4,843e+03
                               -7514,90443440173567         7,550e+03
                                 601,90143683178269        -5,659e+02
                                8942,05264394572077        -8,905e+03
                              -12959,60916794387049         1,300e+04
                                5163,30719400245653        -5,124e+03
                                                                     
   40    100000    0,731082        1,31463964906275        -3,146e-01
                                 -28,65099205408820         3,065e+01
                                 791,36404437489091        -7,884e+02
                               -8709,62087394567970         8,714e+03
                               47776,67415390030510        -4,777e+04
                             -126634,98957853465981         1,266e+05
                               91365,96938135410892        -9,136e+04
                              282873,34241072199075        -2,829e+05
                             -601019,06997263559606         6,010e+05
                              188735,32876685436349        -1,887e+05
                              111550,07665459340205        -1,115e+05
                              576280,81728281639516        -5,763e+05
                             -797743,67265023314394         7,978e+05
                              375170,22971494257217        -3,752e+05
                             -275173,61132489371812         2,752e+05
                             -614759,61002845596522         6,148e+05
                              945478,30110347550362        -9,455e+05
                               66224,81840138192638        -6,621e+04
                              458791,81132324750070        -4,588e+05
                             -894271,11571851605549         8,943e+05
                              -64018,79182687136199         6,404e+04
                             -394604,73281260690419         3,946e+05
                             1583738,75869635329582        -1,584e+06
                             -892283,19627605774440         8,923e+05
                             -672992,57848195743281         6,730e+05
                              435856,19978616182925        -4,358e+05
                             -152784,49245619872818         1,528e+05
                              615031,24779305560514        -6,150e+05
                             -751230,27299499220680         7,513e+05
                             1448944,12021279009059        -1,449e+06
                             -839208,46475967846345         8,392e+05
                              443771,50404176797019        -4,437e+05
                             -490194,43303607444977         4,902e+05
                            -1405978,86911838059314         1,406e+06
                              912216,04068306472618        -9,122e+05
                              928612,93537324958015        -9,286e+05
                             -650252,22922256868333         6,503e+05
                              636984,61329763196409        -6,369e+05
                             -756632,45441057952121         7,567e+05
                              239145,44836534015485        -2,391e+05
                                                                     
   41    100000    0,805420        8,53271149311129        -7,533e+00
                                -664,00376338936849         6,660e+02
                               17187,72990787622621        -1,718e+04
                             -211817,16819920425769         2,118e+05
                             1437418,23531308560632        -1,437e+06
                            -5439714,85344415716827         5,440e+06
                             9718904,61059040762484        -9,719e+06
                             2491006,25161437503994        -2,491e+06
                           -44235940,19482630491257         4,424e+07
                            72174309,07641515135765        -7,217e+07
                           -29195744,48838368058205         2,920e+07
                           -22045605,63464039936662         2,205e+07
                             2533634,77973666321486        -2,534e+06
                            10779042,50033511221409        -1,078e+07
                             3974938,68717491393909        -3,975e+06
                            16415561,31376139260828        -1,642e+07
                            -2924000,06664914730936         2,924e+06
                           -29913069,18198034167290         2,991e+07
                            23510054,96648829057813        -2,351e+07
                           -26755812,43723161891103         2,676e+07
                           -26604694,62985317409039         2,660e+07
                            65907386,48522070795298        -6,591e+07
                            16102147,21731794811785        -1,610e+07
                           -46133200,56938772648573         4,613e+07
                            -8931789,37445472739637         8,932e+06
                            20713750,37858470529318        -2,071e+07
                            35597456,42891240119934        -3,560e+07
                           -51365066,16347280144691         5,137e+07
                            34753955,52006250619888        -3,475e+07
                           -64421365,62240564078093         6,442e+07
                            -7273198,86113928165287         7,273e+06
                            63546546,64452691376209        -6,355e+07
                            28886275,28940622508526        -2,889e+07
                           -52248425,25498502701521         5,225e+07
                            17372610,23525168746710        -1,737e+07
                             7762682,11064234096557        -7,763e+06
                           -58542878,68921361863613         5,854e+07
                            63090898,00109443813562        -6,309e+07
                           -10168804,72830920852721         1,017e+07
                           -21232895,31594712659717         2,123e+07
                            10859790,64752817712724        -1,086e+07
                                                                     
   42    100000    1,124998        1,14592740420750        -1,459e-01
                                 -14,86093762187561         1,686e+01
                                 509,38674727638460        -5,064e+02
                               -6816,57506647600167         6,821e+03
                               49805,75492820546060        -4,980e+04
                             -209276,86009854986332         2,093e+05
                              485381,67234481166815        -4,854e+05
                             -448875,65780590922805         4,489e+05
                             -403912,74977323791245         4,039e+05
                             1082701,81748589337803        -1,083e+06
                               29827,88048339780289        -2,982e+04
                            -1280393,43739345623180         1,280e+06
                              399320,33459192857845        -3,993e+05
                              214121,82886828007759        -2,141e+05
                              396349,83298474724870        -3,963e+05
                               22522,71131919875552        -2,251e+04
                             -271391,59443704865407         2,714e+05
                               65467,60098762823327        -6,545e+04
                               63072,01562124873453        -6,305e+04
                             -655747,17001665534917         6,558e+05
                              -49772,60427356309083         4,979e+04
                             -114590,45308802528598         1,146e+05
                              514288,35738558188314        -5,143e+05
                             1252605,64578842604533        -1,253e+06
                             -515231,74889068928314         5,153e+05
                              -84085,74214060425584         8,411e+04
                             -991381,83654141647276         9,914e+05
                               92328,21763411191932        -9,230e+04
                             -197792,09652827295940         1,978e+05
                              384386,98304407048272        -3,844e+05
                              126423,32327860742225        -1,264e+05
                              560230,20388716354501        -5,602e+05
                             -397726,27305997809162         3,978e+05
                             -754179,90957184880972         7,542e+05
                             1090776,85974416183308        -1,091e+06
                             -421131,98547658487223         4,212e+05
                              110468,86872626606782        -1,104e+05
                              -99965,52367937377130         1,000e+05
                             -190997,79155217908556         1,910e+05
                              260749,56670627158019        -2,607e+05
                             -216959,73632983356947         2,170e+05
                              109807,91349977545906        -1,098e+05
                                                                     
   43    100000    1,006075     -122,03938678058043         1,230e+02
                               17434,36802348480705        -1,743e+04
                             -541335,52316494390834         5,413e+05
                             7091397,14462853502482        -7,091e+06
                           -49870554,81290772557259         4,987e+07
                           211320688,14725825190544        -2,113e+08
                          -565819362,15750551223755         5,658e+08
                           927757854,71301627159119        -9,278e+08
                          -707216638,87817704677582         7,072e+08
                          -371775983,38874948024750         3,718e+08
                          1110032401,40224194526672        -1,110e+09
                           -71704366,86279092729092         7,170e+07
                         -1247439742,89782261848450         1,247e+09
                           324067642,45097810029984        -3,241e+08
                          1591239842,84645509719849        -1,591e+09
                         -1989647765,96230244636536         1,990e+09
                          1005712930,24075174331665        -1,006e+09
                          -238656038,59928628802299         2,387e+08
                           123035138,60048317909241        -1,230e+08
                          1080827214,51109147071838        -1,081e+09
                         -1377731278,07915663719177         1,378e+09
                         -1078354596,83480167388916         1,078e+09
                          1232405363,89588212966919        -1,232e+09
                          -464523300,19356316328049         4,645e+08
                          1743744664,76081633567810        -1,744e+09
                          -835343625,32550930976868         8,353e+08
                          -394284536,57059055566788         3,943e+08
                           306508196,09583282470703        -3,065e+08
                          -676936823,88523912429810         6,769e+08
                          -719427586,22852098941803         7,194e+08
                          2067940353,38333797454834        -2,068e+09
                         -1029391591,34158718585968         1,029e+09
                           524235354,09152674674988        -5,242e+08
                           115654675,46440044045448        -1,157e+08
                         -1237144147,50747084617615         1,237e+09
                           539457179,84086811542511        -5,395e+08
                          -941974404,01337397098541         9,420e+08
                           950197692,11649465560913        -9,502e+08
                           800228546,40407454967499        -8,002e+08
                           224251017,30424746870995        -2,243e+08
                          -485459161,79740428924561         4,855e+08
                         -1237553847,30600953102112         1,238e+09
                           835072636,05261814594269        -8,351e+08
                                                                     
   44    100000    0,949091      -60,62452183947190         6,162e+01
                                6186,18871768537610        -6,184e+03
                             -190678,49012112943456         1,907e+05
                             2721550,54996574530378        -2,722e+06
                           -20850604,49477628618479         2,085e+07
                            91048249,93512077629566        -9,105e+07
                          -221956785,01128017902374         2,220e+08
                           242561289,55617076158524        -2,426e+08
                            88180842,30651499330997        -8,818e+07
                          -482191147,25563317537308         4,822e+08
                           321291272,73250657320023        -3,213e+08
                            70837602,51436096429825        -7,084e+07
                           -69928270,87600126862526         6,993e+07
                            89815989,14897306263447        -8,982e+07
                           -96739312,61385063827038         9,674e+07
                          -129314321,04930058121681         1,293e+08
                          -129940983,31946271657944         1,299e+08
                           294449574,26601773500443        -2,944e+08
                           -33466015,59081104025245         3,347e+07
                           204180696,35921216011047        -2,042e+08
                          -115394726,50362549722195         1,154e+08
                          -176241709,93299373984337         1,762e+08
                           159503576,63157546520233        -1,595e+08
                           -25552103,86890931054950         2,555e+07
                          -293311901,48294085264206         2,933e+08
                          -141978507,59499207139015         1,420e+08
                           324482631,15186148881912        -3,245e+08
                           230213485,40721607208252        -2,302e+08
                            84953531,89745114743710        -8,495e+07
                          -145928897,74881178140640         1,459e+08
                           -61349451,65047362446785         6,135e+07
                          -230156765,78993293642998         2,302e+08
                            90936859,83099506795406        -9,094e+07
                           171975330,47263669967651        -1,720e+08
                           -97076427,95593172311783         9,708e+07
                           -21772186,16932460293174         2,177e+07
                          -130027402,57301639020443         1,300e+08
                           114824206,99856057763100        -1,148e+08
                           161020189,86443886160851        -1,610e+08
                          -112914823,56287199258804         1,129e+08
                             1057082,44143966375850        -1,057e+06
                           108557334,72079890966415        -1,086e+08
                          -215176860,63808083534241         2,152e+08
                            98843382,68414935469627        -9,884e+07
                                                                     
   45    100000    1,060318        1,11057584825014        -1,106e-01
                                 -10,15179431466021         1,215e+01
                                 323,54392717009313        -3,205e+02
                               -3480,55951633124141         3,485e+03
                               18942,49184360388608        -1,894e+04
                              -56153,86465173554461         5,616e+04
                              100329,18296772371104        -1,003e+05
                             -146897,42244424461387         1,469e+05
                              216106,31679947851808        -2,161e+05
                             -106458,86651898991840         1,065e+05
                             -338116,09822219569469         3,381e+05
                              429604,15626773447730        -4,296e+05
                               73609,81920665600046        -7,360e+04
                              -56362,11484155951621         5,638e+04
                             -253359,19936101839994         2,534e+05
                               32239,11352520464789        -3,222e+04
                              -11392,14381789960680         1,141e+04
                              181102,12662058635033        -1,811e+05
                             -288634,89255226723617         2,887e+05
                              319604,31260954745812        -3,196e+05
                             -245406,58688589330995         2,454e+05
                              382434,43564270331990        -3,824e+05
                             -143318,84265648378641         1,433e+05
                              403438,34818149526836        -4,034e+05
                             -604228,87699530820828         6,043e+05
                             -163873,99334679337335         1,639e+05
                             -301534,29154589702375         3,016e+05
                              671433,61303052573930        -6,714e+05
                             -274913,06247518747114         2,749e+05
                              101814,74664132861653        -1,018e+05
                              497277,77492205786984        -4,972e+05
                             -492709,67922572157113         4,927e+05
                             -289262,12759966833983         2,893e+05
                              590342,75652271707077        -5,903e+05
                              106161,08687155516236        -1,061e+05
                              -13340,46033821740639         1,338e+04
                             -152740,30107684759423         1,528e+05
                             -574223,00059315515682         5,743e+05
                             -109181,76076808263315         1,092e+05
                              547255,23506398627069        -5,472e+05
                             -261981,59756081347587         2,620e+05
                              575083,78345657896716        -5,750e+05
                             -435409,64351839898154         4,355e+05
                              156552,42348245857283        -1,565e+05
                              -79632,07814267996582         7,968e+04
                                                                     
   46    100000    0,896937        1,00009055845149        -9,056e-05
                                   1,99179643758408         8,204e-03
                                   3,24552339792831        -2,455e-01
                                   0,82340498000613         3,177e+00
                                  25,26504407734938        -2,027e+01
                                 -60,80186357392270         6,680e+01
                                 114,02319741171289        -1,070e+02
                                 -55,88298685694426         6,388e+01
                                  71,11217475902971        -6,211e+01
                                -272,75140655208492         2,828e+02
                                  62,98485598910334        -5,198e+01
                                1393,19698665228157        -1,381e+03
                               -1976,89061550733095         1,990e+03
                                -516,92841183802443         5,309e+02
                                2268,03997569820513        -2,253e+03
                                 307,02826499743065        -2,910e+02
                               -1509,58482665333850         1,527e+03
                                -427,40227082464168         4,454e+02
                                 724,87271127147028        -7,059e+02
                                1117,00494543106788        -1,097e+03
                               -1275,63427311429768         1,297e+03
                               -3744,80409602984719         3,767e+03
                                4201,96038798867630        -4,179e+03
                                2089,06936516903170        -2,065e+03
                                1091,42833314047925        -1,066e+03
                               -1655,48149646629963         1,681e+03
                               -2273,63095344716203         2,301e+03
                               -2155,61595098558428         2,184e+03
                                1886,96335910796643        -1,858e+03
                                1277,84866923443064        -1,248e+03
                               -1138,72016054092069         1,170e+03
                                -903,25728974170795         9,353e+02
                                1272,85559571064459        -1,240e+03
                                1503,23682556213157        -1,469e+03
                                 826,73619573303233        -7,917e+02
                                 240,40530007694409        -2,044e+02
                                 795,86785848109889        -7,589e+02
                               -1800,63360184630642         1,839e+03
                               -1253,94773760764588         1,293e+03
                               -2386,70086433212009         2,427e+03
                                1132,25372266533145        -1,091e+03
                                1941,68766173756853        -1,900e+03
                                -516,29206972124325         5,593e+02
                                1710,73065045743488        -1,667e+03
                                -503,92823852860363         5,489e+02
                                -551,74522859274509         5,977e+02
                                                                     
   47    100000    0,997052        0,99816397222324         1,836e-03
                                   2,21217442805272        -2,122e-01
                                  -2,97556804889276         5,976e+00
                                  74,12811649856728        -7,013e+01
                                -406,66901839016379         4,117e+02
                                1265,96956104861715        -1,260e+03
                               -1770,48010760298666         1,777e+03
                                 241,74547048948483        -2,337e+02
                                1645,65777477250253        -1,637e+03
                                 112,05670778456941        -1,021e+02
                               -1143,94412377065169         1,155e+03
                               -2080,11794515226666         2,092e+03
                                 190,27878459976256        -1,773e+02
                                4719,79969604876078        -4,706e+03
                               -1786,68942012198863         1,802e+03
                                -729,71028657119837         7,457e+02
                                -466,75907336885405         4,838e+02
                                2376,55416936615984        -2,359e+03
                               -3038,81155548263405         3,058e+03
                               -1700,94168559750597         1,721e+03
                                2164,39447875481892        -2,143e+03
                               -1713,34617826241856         1,735e+03
                                1346,81844714139311        -1,324e+03
                                1825,94336773700866        -1,802e+03
                                3013,44916221346330        -2,988e+03
                                1471,33565233427089        -1,445e+03
                               -4058,34048787576467         4,085e+03
                                 176,41083717809437        -1,484e+02
                               -4145,09526694373380         4,174e+03
                               -1138,60698010388023         1,169e+03
                               -1004,65127184177254         1,036e+03
                                3317,29715999321434        -3,285e+03
                                1099,87919271212400        -1,067e+03
                                 608,67126032500812        -5,747e+02
                                3222,26222766873934        -3,187e+03
                                2544,19629608862397        -2,508e+03
                               -3858,63953600885407         3,896e+03
                                 662,37555962896340        -6,244e+02
                               -2104,99144645417073         2,144e+03
                               -2448,06939161685568         2,488e+03
                               -1402,86157943772582         1,444e+03
                                2259,98795705899010        -2,218e+03
                                 803,59682350217338        -7,606e+02
                                1961,94000064324905        -1,918e+03
                                 210,47208859661720        -1,655e+02
                                -990,81482139981324         1,037e+03
                                -197,91612500957760         2,449e+02
                                                                     
   48    100000    1,016288       -2,35115017381806         3,351e+00
                                 358,91325654567447        -3,569e+02
                               -9642,28766123263631         9,645e+03
                              110675,42912975279614        -1,107e+05
                             -639334,44340734183788         6,393e+05
                             1911413,27055665059015        -1,911e+06
                            -2493507,36523023108020         2,494e+06
                             -286678,19200950709637         2,867e+05
                             2490354,11859118845314        -2,490e+06
                             4141948,29123456869274        -4,142e+06
                           -10133195,80166330002248         1,013e+07
                              792362,51667852839455        -7,924e+05
                             8107448,98490447178483        -8,107e+06
                            -4454916,39049622789025         4,455e+06
                              350336,08867060340708        -3,503e+05
                             7522558,55119990464300        -7,523e+06
                           -14454337,23462439328432         1,445e+07
                             5892654,25434085726738        -5,893e+06
                             7896832,72945042513311        -7,897e+06
                           -12959763,47584239766002         1,296e+07
                             5559472,85934307985008        -5,559e+06
                            -6769911,77304205205292         6,770e+06
                            13080411,76677291095257        -1,308e+07
                            -2765427,61569830263034         2,765e+06
                             4714321,11575432680547        -4,714e+06
                            -6664801,69311500433832         6,665e+06
                            -7290398,97325361054391         7,290e+06
                             1158195,65970535855740        -1,158e+06
                            11638802,96563876792789        -1,164e+07
                           -12255574,36534659191966         1,226e+07
                             7396119,38067125622183        -7,396e+06
                             1570695,73752327659167        -1,571e+06
                             1540953,45904341386631        -1,541e+06
                            -9468380,05558446794748         9,468e+06
                             -963038,98492921423167         9,631e+05
                             7358007,53063756413758        -7,358e+06
                           -10135876,14119576662779         1,014e+07
                             8610009,41043788567185        -8,610e+06
                            10333381,66170776262879        -1,033e+07
                            -6654873,57716041617095         6,655e+06
                             2811486,94744607014582        -2,811e+06
                            -3063734,22416223911569         3,064e+06
                           -10151925,45166398212314         1,015e+07
                            -1742527,92750124679878         1,743e+06
                             2177042,73167194100097        -2,177e+06
                             8902119,91762587428093        -8,902e+06
                             2355330,09782281704247        -2,355e+06
                            -5064271,85552190896124         5,064e+06
                                                                     
   49    100000    0,924918     3709,97491111145246        -3,709e+03
                             -433967,47253306588391         4,340e+05
                            12315710,78772713243961        -1,232e+07
                          -141915404,03666567802429         1,419e+08
                           781063007,08299267292023        -7,811e+08
                         -2000546735,28078961372375         2,001e+09
                          1210703997,63360071182251        -1,211e+09
                          4238680929,46358489990234        -4,239e+09
                         -6140982340,31697368621826         6,141e+09
                         -2290689413,73395872116089         2,291e+09
                          1314623386,58814883232117        -1,315e+09
                          9680324488,12416648864746        -9,680e+09
                            45278638,89004275947809        -4,528e+07
                         -6717481240,69433593750000         6,717e+09
                          5688031516,29817581176758        -5,688e+09
                        -26701382422,03829193115234         2,670e+10
                          7153969346,54557991027832        -7,154e+09
                         14622599006,37774658203125        -1,462e+10
                         17125623993,41916084289551        -1,713e+10
                          6770953054,50138187408447        -6,771e+09
                        -31888214866,00364303588867         3,189e+10
                          9428075671,43767929077148        -9,428e+09
                          5764639071,48527145385742        -5,765e+09
                        -20046566909,58156585693359         2,005e+10
                        -14750838981,95612144470215         1,475e+10
                         16142959642,77788925170898        -1,614e+10
                         10686168265,52997779846191        -1,069e+10
                         -3697048730,33577823638916         3,697e+09
                          4995443533,05412101745605        -4,995e+09
                         26490207664,54721450805664        -2,649e+10
                         -8585081874,37147331237793         8,585e+09
                         -3827454191,17101144790649         3,827e+09
                         -3566316022,26306390762329         3,566e+09
                        -29787109977,98533630371094         2,979e+10
                         -7597356263,62249755859375         7,597e+09
                         13777269716,13454246520996        -1,378e+10
                          1077231419,34860610961914        -1,077e+09
                         11927078827,02547454833984        -1,193e+10
                          -472964586,84122925996780         4,730e+08
                          5149460791,34221172332764        -5,149e+09
                          8390404064,48607444763184        -8,390e+09
                        -13081791700,86721038818359         1,308e+10
                         -2798583403,33132028579712         2,799e+09
                           -58199974,34696517884731         5,820e+07
                          -422049093,30929398536682         4,220e+08
                         10018017566,80646705627441        -1,002e+10
                         -5760901999,67357921600342         5,761e+09
                        -10093792634,76382637023926         1,009e+10
                          7936582321,03109073638916        -7,937e+09
                                                                     
